# Concluded in 14 seconds
# dL, iota
1.493923e+01	2.420283e-01
1.405938e+01	3.707159e-01
1.319592e+01	4.981961e-01
7.220457e+00	1.110485e+00
1.277819e+01	5.396971e-01
1.162923e+01	6.841747e-01
1.068741e+01	2.325777e-01
1.139065e+01	6.997407e-01
9.425532e+00	9.114926e-01
1.399016e+01	2.849940e-01
1.092832e+01	7.481978e-01
6.751388e+00	1.010302e+00
1.282205e+01	4.951726e-01
9.303966e+00	9.160948e-01
6.785805e+00	1.095376e+00
6.744277e+00	1.092576e+00
1.047054e+01	7.892561e-01
1.163255e+01	6.487922e-01
6.684507e+00	1.059414e+00
1.335193e+01	3.838112e-01
9.490384e+00	8.893687e-01
1.020941e+01	4.215983e-01
8.076542e+00	8.002469e-01
1.036746e+01	7.919381e-01
6.754834e+00	1.063252e+00
1.216928e+01	5.649698e-01
7.947725e+00	1.024151e+00
1.092432e+01	7.223050e-01
1.407786e+01	1.588176e-01
1.172388e+01	6.207921e-01
9.815724e+00	5.165522e-01
8.902096e+00	9.396046e-01
1.001929e+01	8.245405e-01
1.179020e+01	6.093611e-01
1.053819e+01	7.644483e-01
1.289357e+01	4.393292e-01
8.587132e+00	7.310256e-01
9.373971e+00	6.019354e-01
1.385046e+01	2.242285e-01
8.658717e+00	7.219129e-01
1.205627e+01	5.639540e-01
8.209439e+00	9.958697e-01
1.236464e+01	5.177197e-01
6.923551e+00	1.050850e+00
8.038872e+00	8.213497e-01
1.296421e+01	4.148340e-01
9.748581e+00	8.452862e-01
8.262814e+00	9.898021e-01
1.002176e+01	8.153655e-01
1.113345e+01	6.833431e-01
7.016610e+00	1.003249e+00
9.408874e+00	8.795896e-01
7.894299e+00	8.462724e-01
1.120895e+01	6.715458e-01
9.516740e+00	5.877850e-01
7.076201e+00	1.053164e+00
1.171859e+01	6.023549e-01
9.060273e+00	9.124922e-01
1.046629e+01	7.598241e-01
6.985816e+00	1.034927e+00
8.046400e+00	8.256014e-01
8.684189e+00	9.476596e-01
1.008208e+01	8.032039e-01
8.821004e+00	9.341536e-01
9.137551e+00	6.547098e-01
1.388714e+01	1.515173e-01
1.039138e+01	7.660071e-01
9.801664e+00	8.321673e-01
9.365926e+00	6.182153e-01
9.872059e+00	8.240484e-01
7.508770e+00	1.036838e+00
1.076135e+01	7.208272e-01
1.136974e+01	6.437922e-01
1.136974e+01	6.437922e-01
1.210775e+01	5.401979e-01
1.332672e+01	3.198366e-01
1.105199e+01	2.403625e-01
1.075396e+01	7.208382e-01
7.521431e+00	1.034704e+00
9.985274e+00	8.098933e-01
8.137697e+00	9.915469e-01
7.108582e+00	1.041181e+00
9.604706e+00	8.504939e-01
9.604706e+00	8.504939e-01
8.236461e+00	8.009743e-01
9.268211e+00	6.380488e-01
9.677559e+00	8.423952e-01
7.137808e+00	9.939073e-01
7.455811e+00	9.282927e-01
1.293863e+01	3.903299e-01
1.293863e+01	3.903299e-01
1.240003e+01	4.860342e-01
9.894141e+00	5.320647e-01
9.743302e+00	8.317702e-01
9.040675e+00	9.048290e-01
9.040675e+00	9.048290e-01
1.142975e+01	1.455248e-02
1.016584e+01	7.828451e-01
9.514979e+00	8.545865e-01
9.514979e+00	8.545865e-01
1.365900e+01	1.989578e-01
1.163512e+01	5.962275e-01
7.302671e+00	9.646781e-01
7.302671e+00	9.646781e-01
1.013452e+01	7.835921e-01
8.759537e+00	9.288569e-01
8.759537e+00	9.288569e-01
1.097197e+01	6.817437e-01
9.741671e+00	5.668903e-01
9.741671e+00	5.668903e-01
8.581431e+00	7.559746e-01
1.060479e+01	3.934662e-01
1.060479e+01	3.934662e-01
1.125749e+01	1.914718e-01
9.934025e+00	5.328641e-01
7.481747e+00	1.024462e+00
7.481747e+00	1.024462e+00
1.197476e+01	5.415802e-01
8.386011e+00	7.877357e-01
8.386011e+00	7.877357e-01
1.091079e+01	6.871124e-01
1.200188e+01	5.358726e-01
1.200188e+01	5.358726e-01
1.062867e+01	7.214761e-01
1.062867e+01	7.214761e-01
9.479463e+00	6.156380e-01
1.326612e+01	2.948535e-01
1.326612e+01	2.948535e-01
7.806976e+00	8.805488e-01
7.934732e+00	9.948186e-01
7.934732e+00	9.948186e-01
7.498048e+00	9.351763e-01
7.498048e+00	9.351763e-01
1.029679e+01	4.678298e-01
7.275861e+00	9.855876e-01
7.275861e+00	9.855876e-01
1.303935e+01	3.446975e-01
9.155721e+00	8.848743e-01
9.155721e+00	8.848743e-01
1.261266e+01	4.294006e-01
1.261266e+01	4.294006e-01
1.020787e+01	4.870782e-01
1.078088e+01	3.601621e-01
1.078088e+01	3.601621e-01
1.233717e+01	4.766388e-01
1.233717e+01	4.766388e-01
1.119758e+01	6.447168e-01
1.074796e+01	7.027103e-01
1.074796e+01	7.027103e-01
1.107312e+01	2.786501e-01
1.107312e+01	2.786501e-01
8.787899e+00	9.200584e-01
7.400145e+00	1.018049e+00
7.400145e+00	1.018049e+00
1.121392e+01	6.410628e-01
1.121392e+01	6.410628e-01
9.415113e+00	6.311493e-01
1.190505e+01	5.418333e-01
1.190505e+01	5.418333e-01
8.150197e+00	8.301166e-01
8.150197e+00	8.301166e-01
1.252287e+01	4.397859e-01
1.355275e+01	1.897628e-01
1.355275e+01	1.897628e-01
7.483683e+00	1.014101e+00
7.483683e+00	1.014101e+00
1.093650e+01	6.755773e-01
1.093650e+01	6.755773e-01
7.372772e+00	1.010945e+00
8.416897e+00	7.908385e-01
8.416897e+00	7.908385e-01
1.307474e+01	3.232036e-01
1.307474e+01	3.232036e-01
1.242284e+01	4.532805e-01
1.242284e+01	4.532805e-01
1.115789e+01	2.615395e-01
1.115789e+01	2.615395e-01
1.051685e+01	4.307061e-01
1.288245e+01	3.651309e-01
1.288245e+01	3.651309e-01
8.734915e+00	7.425192e-01
8.734915e+00	7.425192e-01
9.505309e+00	8.428851e-01
9.505309e+00	8.428851e-01
1.116030e+01	2.613805e-01
1.116030e+01	2.613805e-01
7.400571e+00	1.010024e+00
1.102046e+01	6.616784e-01
1.102046e+01	6.616784e-01
1.344602e+01	2.165454e-01
1.344602e+01	2.165454e-01
9.276755e+00	6.582832e-01
9.276755e+00	6.582832e-01
7.757484e+00	8.975311e-01
7.757484e+00	8.975311e-01
8.931488e+00	7.132132e-01
1.028003e+01	4.832749e-01
1.028003e+01	4.832749e-01
1.247481e+01	4.392956e-01
1.247481e+01	4.392956e-01
1.071575e+01	6.983665e-01
1.071575e+01	6.983665e-01
9.376121e+00	6.447566e-01
9.376121e+00	6.447566e-01
7.382672e+00	9.894097e-01
7.382672e+00	9.894097e-01
1.368483e+01	8.058988e-02
1.368483e+01	8.058988e-02
9.160660e+00	6.800073e-01
9.160660e+00	6.800073e-01
7.571894e+00	9.353801e-01
7.571894e+00	9.353801e-01
9.676323e+00	8.202108e-01
9.676323e+00	8.202108e-01
1.272370e+01	3.882174e-01
1.300073e+01	3.285586e-01
1.300073e+01	3.285586e-01
8.760136e+00	9.152749e-01
8.760136e+00	9.152749e-01
7.773856e+00	9.937567e-01
7.773856e+00	9.937567e-01
1.145802e+01	5.955476e-01
1.145802e+01	5.955476e-01
9.605569e+00	8.266723e-01
9.605569e+00	8.266723e-01
1.258539e+01	4.121727e-01
1.258539e+01	4.121727e-01
9.025389e+00	7.033118e-01
9.025389e+00	7.033118e-01
1.314470e+01	2.868535e-01
1.314470e+01	2.868535e-01
1.060403e+01	4.233682e-01
1.060403e+01	4.233682e-01
8.150390e+00	8.401731e-01
8.150390e+00	8.401731e-01
7.659937e+00	9.234028e-01
7.659937e+00	9.234028e-01
1.035460e+01	4.764985e-01
1.035460e+01	4.764985e-01
1.039158e+01	7.330565e-01
1.039158e+01	7.330565e-01
1.054758e+01	4.371285e-01
1.054758e+01	4.371285e-01
7.861536e+00	9.839004e-01
7.861536e+00	9.839004e-01
1.359064e+01	1.041052e-01
1.359064e+01	1.041052e-01
1.359064e+01	1.041052e-01
1.093174e+01	3.510355e-01
1.093174e+01	3.510355e-01
1.032729e+01	7.381626e-01
1.032729e+01	7.381626e-01
1.080974e+01	3.819528e-01
1.080974e+01	3.819528e-01
8.833444e+00	7.375669e-01
8.833444e+00	7.375669e-01
1.180600e+01	5.365235e-01
1.180600e+01	5.365235e-01
9.569226e+00	8.258593e-01
9.569226e+00	8.258593e-01
9.569226e+00	8.258593e-01
7.506173e+00	9.864897e-01
7.506173e+00	9.864897e-01
1.249314e+01	4.188556e-01
1.249314e+01	4.188556e-01
8.486791e+00	7.918201e-01
8.486791e+00	7.918201e-01
9.980134e+00	5.520251e-01
9.980134e+00	5.520251e-01
8.992026e+00	7.142828e-01
8.992026e+00	7.142828e-01
9.994133e+00	7.752959e-01
9.994133e+00	7.752959e-01
9.994133e+00	7.752959e-01
1.017089e+01	5.193064e-01
1.017089e+01	5.193064e-01
8.790711e+00	7.468218e-01
8.790711e+00	7.468218e-01
9.119132e+00	8.716180e-01
9.119132e+00	8.716180e-01
7.643345e+00	9.361612e-01
7.643345e+00	9.361612e-01
7.643345e+00	9.361612e-01
1.000698e+01	5.494596e-01
1.000698e+01	5.494596e-01
7.537865e+00	9.748353e-01
7.537865e+00	9.748353e-01
7.913527e+00	9.752641e-01
7.913527e+00	9.752641e-01
1.068945e+01	4.174865e-01
1.068945e+01	4.174865e-01
1.068945e+01	4.174865e-01
1.268792e+01	3.726713e-01
1.268792e+01	3.726713e-01
1.295454e+01	3.122555e-01
1.295454e+01	3.122555e-01
8.476972e+00	9.310434e-01
8.476972e+00	9.310434e-01
8.476972e+00	9.310434e-01
9.650231e+00	6.135907e-01
9.650231e+00	6.135907e-01
1.260369e+01	3.878271e-01
1.260369e+01	3.878271e-01
1.042569e+01	4.744764e-01
1.042569e+01	4.744764e-01
1.042569e+01	4.744764e-01
8.365829e+00	9.398524e-01
8.365829e+00	9.398524e-01
1.284888e+01	3.321741e-01
1.284888e+01	3.321741e-01
1.155131e+01	1.550350e-01
1.155131e+01	1.550350e-01
1.155131e+01	1.550350e-01
1.246014e+01	4.128755e-01
1.246014e+01	4.128755e-01
7.946095e+00	9.690892e-01
7.946095e+00	9.690892e-01
7.946095e+00	9.690892e-01
1.014525e+01	7.523224e-01
1.014525e+01	7.523224e-01
1.061227e+01	4.390478e-01
1.061227e+01	4.390478e-01
1.055559e+01	4.511384e-01
1.055559e+01	4.511384e-01
1.055559e+01	4.511384e-01
1.090601e+01	3.732834e-01
1.090601e+01	3.732834e-01
7.723580e+00	9.754258e-01
7.723580e+00	9.754258e-01
7.723580e+00	9.754258e-01
9.225639e+00	8.552171e-01
9.225639e+00	8.552171e-01
1.034609e+01	4.954211e-01
1.034609e+01	4.954211e-01
7.859433e+00	9.703955e-01
7.859433e+00	9.703955e-01
7.859433e+00	9.703955e-01
7.643331e+00	9.589000e-01
7.643331e+00	9.589000e-01
9.632344e+00	6.216973e-01
9.632344e+00	6.216973e-01
9.632344e+00	6.216973e-01
9.722564e+00	6.068977e-01
9.722564e+00	6.068977e-01
1.055668e+01	4.551349e-01
1.055668e+01	4.551349e-01
1.055668e+01	4.551349e-01
7.695138e+00	9.695371e-01
7.695138e+00	9.695371e-01
9.035832e+00	8.727039e-01
9.035832e+00	8.727039e-01
9.035832e+00	8.727039e-01
1.130798e+01	5.954896e-01
1.130798e+01	5.954896e-01
9.472056e+00	6.487923e-01
9.472056e+00	6.487923e-01
9.472056e+00	6.487923e-01
1.339640e+01	1.387891e-01
1.339640e+01	1.387891e-01
8.175091e+00	8.514046e-01
8.175091e+00	8.514046e-01
8.175091e+00	8.514046e-01
9.736030e+00	6.065535e-01
9.736030e+00	6.065535e-01
8.870712e+00	8.884302e-01
8.870712e+00	8.884302e-01
8.870712e+00	8.884302e-01
7.772948e+00	9.279834e-01
7.772948e+00	9.279834e-01
7.772948e+00	9.279834e-01
8.492041e+00	8.031751e-01
8.492041e+00	8.031751e-01
1.198524e+01	4.868620e-01
1.198524e+01	4.868620e-01
1.198524e+01	4.868620e-01
1.088282e+01	6.515306e-01
1.088282e+01	6.515306e-01
7.746858e+00	9.617961e-01
7.746858e+00	9.617961e-01
7.746858e+00	9.617961e-01
7.722885e+00	9.481763e-01
7.722885e+00	9.481763e-01
7.722885e+00	9.481763e-01
8.929766e+00	8.805081e-01
8.929766e+00	8.805081e-01
8.993978e+00	8.740071e-01
8.993978e+00	8.740071e-01
8.993978e+00	8.740071e-01
9.744537e+00	6.080473e-01
9.744537e+00	6.080473e-01
1.051990e+01	4.686083e-01
1.051990e+01	4.686083e-01
1.051990e+01	4.686083e-01
1.136641e+01	5.818651e-01
1.136641e+01	5.818651e-01
1.136641e+01	5.818651e-01
8.216382e+00	8.488570e-01
8.216382e+00	8.488570e-01
8.309247e+00	9.351243e-01
8.309247e+00	9.351243e-01
8.309247e+00	9.351243e-01
1.068115e+01	4.373238e-01
1.068115e+01	4.373238e-01
1.316399e+01	2.180437e-01
1.316399e+01	2.180437e-01
1.316399e+01	2.180437e-01
1.041595e+01	7.100591e-01
1.041595e+01	7.100591e-01
1.041595e+01	7.100591e-01
1.022732e+01	7.333819e-01
1.022732e+01	7.333819e-01
1.088651e+01	6.479896e-01
1.088651e+01	6.479896e-01
1.088651e+01	6.479896e-01
1.195396e+01	4.870352e-01
1.195396e+01	4.870352e-01
1.195396e+01	4.870352e-01
8.889693e+00	8.821590e-01
8.889693e+00	8.821590e-01
9.267265e+00	8.430465e-01
9.267265e+00	8.430465e-01
9.267265e+00	8.430465e-01
1.259817e+01	3.641490e-01
1.259817e+01	3.641490e-01
1.259817e+01	3.641490e-01
9.635078e+00	8.025001e-01
9.635078e+00	8.025001e-01
7.854311e+00	9.573405e-01
7.854311e+00	9.573405e-01
7.854311e+00	9.573405e-01
8.674698e+00	9.019901e-01
8.674698e+00	9.019901e-01
8.674698e+00	9.019901e-01
9.930785e+00	5.806686e-01
9.930785e+00	5.806686e-01
1.032983e+01	7.187745e-01
1.032983e+01	7.187745e-01
1.032983e+01	7.187745e-01
1.180630e+01	5.094869e-01
1.180630e+01	5.094869e-01
1.324210e+01	1.775465e-01
1.324210e+01	1.775465e-01
1.324210e+01	1.775465e-01
7.848258e+00	9.236133e-01
7.848258e+00	9.236133e-01
7.848258e+00	9.236133e-01
1.026251e+01	7.255100e-01
1.026251e+01	7.255100e-01
1.026251e+01	7.255100e-01
9.555900e+00	8.085044e-01
9.555900e+00	8.085044e-01
8.699893e+00	8.969794e-01
8.699893e+00	8.969794e-01
8.699893e+00	8.969794e-01
7.898856e+00	9.506690e-01
7.898856e+00	9.506690e-01
7.898856e+00	9.506690e-01
1.145173e+01	5.616461e-01
1.145173e+01	5.616461e-01
1.145173e+01	5.616461e-01
8.211789e+00	9.366348e-01
8.211789e+00	9.366348e-01
8.190086e+00	9.379822e-01
8.190086e+00	9.379822e-01
8.190086e+00	9.379822e-01
7.871800e+00	9.243262e-01
7.871800e+00	9.243262e-01
7.871800e+00	9.243262e-01
8.657001e+00	8.998352e-01
8.657001e+00	8.998352e-01
8.657001e+00	8.998352e-01
1.250288e+01	3.747131e-01
1.250288e+01	3.747131e-01
1.158042e+01	2.003054e-01
1.158042e+01	2.003054e-01
1.158042e+01	2.003054e-01
9.817612e+00	7.766062e-01
9.817612e+00	7.766062e-01
9.817612e+00	7.766062e-01
8.914363e+00	8.743764e-01
8.914363e+00	8.743764e-01
8.914363e+00	8.743764e-01
9.413636e+00	8.217508e-01
9.413636e+00	8.217508e-01
1.260264e+01	3.498658e-01
1.260264e+01	3.498658e-01
1.260264e+01	3.498658e-01
9.384205e+00	8.247542e-01
9.384205e+00	8.247542e-01
9.384205e+00	8.247542e-01
1.112015e+01	3.498284e-01
1.112015e+01	3.498284e-01
1.112015e+01	3.498284e-01
9.058920e+00	7.260390e-01
9.058920e+00	7.260390e-01
9.058920e+00	7.260390e-01
7.945804e+00	9.108092e-01
7.945804e+00	9.108092e-01
7.898680e+00	9.384549e-01
7.898680e+00	9.384549e-01
7.898680e+00	9.384549e-01
7.895015e+00	9.370983e-01
7.895015e+00	9.370983e-01
7.895015e+00	9.370983e-01
1.037337e+01	5.103021e-01
1.037337e+01	5.103021e-01
1.037337e+01	5.103021e-01
1.108604e+01	6.104628e-01
1.108604e+01	6.104628e-01
1.108604e+01	6.104628e-01
1.145881e+01	2.535021e-01
1.145881e+01	2.535021e-01
9.445588e+00	6.670351e-01
9.445588e+00	6.670351e-01
9.445588e+00	6.670351e-01
1.271932e+01	3.181226e-01
1.271932e+01	3.181226e-01
1.271932e+01	3.181226e-01
1.328251e+01	1.214947e-01
1.328251e+01	1.214947e-01
1.328251e+01	1.214947e-01
1.142717e+01	2.659335e-01
1.142717e+01	2.659335e-01
1.142717e+01	2.659335e-01
1.163901e+01	5.256598e-01
1.163901e+01	5.256598e-01
7.981083e+00	9.067170e-01
7.981083e+00	9.067170e-01
7.981083e+00	9.067170e-01
1.228323e+01	4.121945e-01
1.228323e+01	4.121945e-01
1.228323e+01	4.121945e-01
1.284041e+01	2.849545e-01
1.284041e+01	2.849545e-01
1.284041e+01	2.849545e-01
9.395356e+00	6.766633e-01
9.395356e+00	6.766633e-01
9.395356e+00	6.766633e-01
8.767530e+00	7.737179e-01
8.767530e+00	7.737179e-01
8.941219e+00	8.677303e-01
8.941219e+00	8.677303e-01
8.941219e+00	8.677303e-01
1.205559e+01	4.520113e-01
1.205559e+01	4.520113e-01
1.205559e+01	4.520113e-01
9.771033e+00	7.769355e-01
9.771033e+00	7.769355e-01
9.771033e+00	7.769355e-01
1.107500e+01	6.075174e-01
1.107500e+01	6.075174e-01
1.107500e+01	6.075174e-01
1.285669e+01	2.743600e-01
1.285669e+01	2.743600e-01
1.285669e+01	2.743600e-01
1.205157e+01	4.510196e-01
1.205157e+01	4.510196e-01
1.205157e+01	4.510196e-01
1.326999e+01	1.090028e-01
1.326999e+01	1.090028e-01
1.189561e+01	4.785431e-01
1.189561e+01	4.785431e-01
1.189561e+01	4.785431e-01
1.022578e+01	5.423140e-01
1.022578e+01	5.423140e-01
1.022578e+01	5.423140e-01
8.325672e+00	9.197907e-01
8.325672e+00	9.197907e-01
8.325672e+00	9.197907e-01
8.883048e+00	8.713231e-01
8.883048e+00	8.713231e-01
8.883048e+00	8.713231e-01
9.036942e+00	8.558933e-01
9.036942e+00	8.558933e-01
9.036942e+00	8.558933e-01
1.008246e+01	7.377002e-01
1.008246e+01	7.377002e-01
1.008246e+01	7.377002e-01
8.320260e+00	9.187902e-01
8.320260e+00	9.187902e-01
8.005743e+00	9.251896e-01
8.005743e+00	9.251896e-01
8.005743e+00	9.251896e-01
8.437944e+00	9.100507e-01
8.437944e+00	9.100507e-01
8.437944e+00	9.100507e-01
1.031498e+01	7.080775e-01
1.031498e+01	7.080775e-01
1.031498e+01	7.080775e-01
9.762848e+00	6.222409e-01
9.762848e+00	6.222409e-01
9.762848e+00	6.222409e-01
9.780916e+00	7.733800e-01
9.780916e+00	7.733800e-01
9.780916e+00	7.733800e-01
1.263630e+01	3.253247e-01
1.263630e+01	3.253247e-01
1.263630e+01	3.253247e-01
8.124163e+00	8.860318e-01
8.124163e+00	8.860318e-01
9.126575e+00	8.455606e-01
9.126575e+00	8.455606e-01
9.126575e+00	8.455606e-01
1.042472e+01	6.929234e-01
1.042472e+01	6.929234e-01
1.042472e+01	6.929234e-01
9.470738e+00	8.077850e-01
9.470738e+00	8.077850e-01
9.470738e+00	8.077850e-01
1.134278e+01	3.068656e-01
1.134278e+01	3.068656e-01
1.134278e+01	3.068656e-01
1.196231e+01	4.605368e-01
1.196231e+01	4.605368e-01
1.196231e+01	4.605368e-01
1.076421e+01	6.461382e-01
1.076421e+01	6.461382e-01
1.076421e+01	6.461382e-01
9.250519e+00	7.052744e-01
9.250519e+00	7.052744e-01
9.904843e+00	6.016436e-01
9.904843e+00	6.016436e-01
9.904843e+00	6.016436e-01
8.889582e+00	7.609735e-01
8.889582e+00	7.609735e-01
8.889582e+00	7.609735e-01
8.822173e+00	8.739060e-01
8.822173e+00	8.739060e-01
8.822173e+00	8.739060e-01
9.894477e+00	7.571151e-01
9.894477e+00	7.571151e-01
9.894477e+00	7.571151e-01
1.025203e+01	7.129186e-01
1.025203e+01	7.129186e-01
1.025203e+01	7.129186e-01
1.211120e+01	4.315988e-01
1.211120e+01	4.315988e-01
1.211120e+01	4.315988e-01
8.420199e+00	9.075131e-01
8.420199e+00	9.075131e-01
8.420199e+00	9.075131e-01
1.126779e+01	3.315633e-01
1.126779e+01	3.315633e-01
1.001961e+01	5.838726e-01
1.001961e+01	5.838726e-01
1.001961e+01	5.838726e-01
8.174029e+00	8.821712e-01
8.174029e+00	8.821712e-01
8.174029e+00	8.821712e-01
9.681618e+00	7.812174e-01
9.681618e+00	7.812174e-01
9.681618e+00	7.812174e-01
8.462743e+00	9.033652e-01
8.462743e+00	9.033652e-01
8.462743e+00	9.033652e-01
9.211793e+00	7.132203e-01
9.211793e+00	7.132203e-01
9.211793e+00	7.132203e-01
1.190929e+01	4.664827e-01
1.190929e+01	4.664827e-01
1.190929e+01	4.664827e-01
8.129508e+00	9.176609e-01
8.129508e+00	9.176609e-01
9.322180e+00	6.966569e-01
9.322180e+00	6.966569e-01
9.322180e+00	6.966569e-01
9.829920e+00	6.165744e-01
9.829920e+00	6.165744e-01
9.829920e+00	6.165744e-01
1.168505e+01	5.043418e-01
1.168505e+01	5.043418e-01
1.168505e+01	5.043418e-01
1.034079e+01	6.992179e-01
1.034079e+01	6.992179e-01
1.034079e+01	6.992179e-01
8.810048e+00	8.724775e-01
8.810048e+00	8.724775e-01
8.810048e+00	8.724775e-01
1.183333e+01	4.778547e-01
1.183333e+01	4.778547e-01
1.041336e+01	6.894199e-01
1.041336e+01	6.894199e-01
1.041336e+01	6.894199e-01
1.283654e+01	2.567572e-01
1.283654e+01	2.567572e-01
1.283654e+01	2.567572e-01
9.840316e+00	7.604597e-01
9.840316e+00	7.604597e-01
9.840316e+00	7.604597e-01
8.219703e+00	8.773968e-01
8.219703e+00	8.773968e-01
8.219703e+00	8.773968e-01
1.278356e+01	2.712877e-01
1.278356e+01	2.712877e-01
1.278356e+01	2.712877e-01
1.075770e+01	6.418638e-01
1.075770e+01	6.418638e-01
1.075770e+01	6.418638e-01
8.947942e+00	7.564615e-01
8.947942e+00	7.564615e-01
9.212418e+00	7.158940e-01
9.212418e+00	7.158940e-01
9.212418e+00	7.158940e-01
1.141739e+01	2.977467e-01
1.141739e+01	2.977467e-01
1.141739e+01	2.977467e-01
1.131301e+01	5.604520e-01
1.131301e+01	5.604520e-01
1.131301e+01	5.604520e-01
9.256687e+00	7.094329e-01
9.256687e+00	7.094329e-01
9.256687e+00	7.094329e-01
1.291541e+01	2.280441e-01
1.291541e+01	2.280441e-01
1.291541e+01	2.280441e-01
9.064475e+00	7.390305e-01
9.064475e+00	7.390305e-01
9.894544e+00	6.090309e-01
9.894544e+00	6.090309e-01
9.894544e+00	6.090309e-01
9.847430e+00	7.584049e-01
9.847430e+00	7.584049e-01
9.847430e+00	7.584049e-01
9.224357e+00	8.286088e-01
9.224357e+00	8.286088e-01
9.224357e+00	8.286088e-01
1.085600e+01	4.351932e-01
1.085600e+01	4.351932e-01
1.085600e+01	4.351932e-01
8.890256e+00	7.663961e-01
8.890256e+00	7.663961e-01
1.008765e+01	7.285128e-01
1.008765e+01	7.285128e-01
1.008765e+01	7.285128e-01
9.871791e+00	7.546977e-01
9.871791e+00	7.546977e-01
9.871791e+00	7.546977e-01
9.029293e+00	8.483463e-01
9.029293e+00	8.483463e-01
9.029293e+00	8.483463e-01
1.076670e+01	6.388001e-01
1.076670e+01	6.388001e-01
1.076670e+01	6.388001e-01
1.239418e+01	3.638818e-01
1.239418e+01	3.638818e-01
8.421411e+00	8.434199e-01
8.421411e+00	8.434199e-01
8.421411e+00	8.434199e-01
8.190547e+00	9.013404e-01
8.190547e+00	9.013404e-01
8.190547e+00	9.013404e-01
8.976028e+00	7.548732e-01
8.976028e+00	7.548732e-01
8.976028e+00	7.548732e-01
1.073796e+01	4.617285e-01
1.073796e+01	4.617285e-01
1.250980e+01	3.346968e-01
1.250980e+01	3.346968e-01
1.250980e+01	3.346968e-01
1.173870e+01	1.935683e-01
1.173870e+01	1.935683e-01
1.173870e+01	1.935683e-01
1.115825e+01	3.718573e-01
1.115825e+01	3.718573e-01
1.115825e+01	3.718573e-01
1.147996e+01	5.301178e-01
1.147996e+01	5.301178e-01
1.147996e+01	5.301178e-01
1.124529e+01	5.665640e-01
1.124529e+01	5.665640e-01
1.212336e+01	4.160880e-01
1.212336e+01	4.160880e-01
1.212336e+01	4.160880e-01
1.112602e+01	3.801971e-01
1.112602e+01	3.801971e-01
1.112602e+01	3.801971e-01
8.917079e+00	8.570440e-01
8.917079e+00	8.570440e-01
8.917079e+00	8.570440e-01
8.652432e+00	8.804471e-01
8.652432e+00	8.804471e-01
1.281898e+01	2.464916e-01
1.281898e+01	2.464916e-01
1.281898e+01	2.464916e-01
9.786958e+00	6.310251e-01
9.786958e+00	6.310251e-01
9.786958e+00	6.310251e-01
1.310737e+01	1.256402e-01
1.310737e+01	1.256402e-01
1.310737e+01	1.256402e-01
9.776841e+00	6.330678e-01
9.776841e+00	6.330678e-01
9.776841e+00	6.330678e-01
1.309566e+01	1.295817e-01
1.309566e+01	1.295817e-01
1.288709e+01	2.209449e-01
1.288709e+01	2.209449e-01
1.288709e+01	2.209449e-01
1.157459e+01	2.624470e-01
1.157459e+01	2.624470e-01
1.157459e+01	2.624470e-01
1.195728e+01	4.442830e-01
1.195728e+01	4.442830e-01
1.195728e+01	4.442830e-01
8.952339e+00	7.615471e-01
8.952339e+00	7.615471e-01
9.844075e+00	7.537557e-01
9.844075e+00	7.537557e-01
9.844075e+00	7.537557e-01
1.082543e+01	4.489379e-01
1.082543e+01	4.489379e-01
1.082543e+01	4.489379e-01
8.705232e+00	8.739276e-01
8.705232e+00	8.739276e-01
8.705232e+00	8.739276e-01
1.272913e+01	2.687639e-01
1.272913e+01	2.687639e-01
9.363280e+00	8.086174e-01
9.363280e+00	8.086174e-01
9.363280e+00	8.086174e-01
9.634048e+00	7.780566e-01
9.634048e+00	7.780566e-01
9.634048e+00	7.780566e-01
9.252982e+00	7.174383e-01
9.252982e+00	7.174383e-01
9.252982e+00	7.174383e-01
1.141862e+01	5.335014e-01
1.141862e+01	5.335014e-01
1.141862e+01	5.335014e-01
9.499395e+00	7.915923e-01
9.499395e+00	7.915923e-01
1.032700e+01	6.895566e-01
1.032700e+01	6.895566e-01
1.032700e+01	6.895566e-01
1.027299e+01	6.964591e-01
1.027299e+01	6.964591e-01
1.027299e+01	6.964591e-01
8.528907e+00	8.353335e-01
8.528907e+00	8.353335e-01
8.528907e+00	8.353335e-01
1.003675e+01	7.263380e-01
1.003675e+01	7.263380e-01
1.003675e+01	7.263380e-01
1.040593e+01	5.337763e-01
1.040593e+01	5.337763e-01
9.048595e+00	8.373677e-01
9.048595e+00	8.373677e-01
9.048595e+00	8.373677e-01
1.125262e+01	5.556478e-01
1.125262e+01	5.556478e-01
1.125262e+01	5.556478e-01
9.206847e+00	7.279705e-01
9.206847e+00	7.279705e-01
9.206847e+00	7.279705e-01
9.929065e+00	6.154277e-01
9.929065e+00	6.154277e-01
9.929065e+00	6.154277e-01
9.822150e+00	6.327624e-01
9.822150e+00	6.327624e-01
9.822150e+00	6.327624e-01
1.133979e+01	5.410992e-01
1.133979e+01	5.410992e-01
1.016398e+01	5.770723e-01
1.016398e+01	5.770723e-01
1.016398e+01	5.770723e-01
1.270457e+01	2.594109e-01
1.270457e+01	2.594109e-01
1.270457e+01	2.594109e-01
9.594488e+00	6.691234e-01
9.594488e+00	6.691234e-01
9.594488e+00	6.691234e-01
1.047321e+01	6.670410e-01
1.047321e+01	6.670410e-01
1.047321e+01	6.670410e-01
1.208835e+01	4.068525e-01
1.208835e+01	4.068525e-01
1.208835e+01	4.068525e-01
1.090084e+01	4.437258e-01
1.090084e+01	4.437258e-01
8.426321e+00	8.759757e-01
8.426321e+00	8.759757e-01
8.426321e+00	8.759757e-01
1.013061e+01	5.843041e-01
1.013061e+01	5.843041e-01
1.013061e+01	5.843041e-01
1.183987e+01	1.853084e-01
1.183987e+01	1.853084e-01
1.183987e+01	1.853084e-01
9.370809e+00	7.053254e-01
9.370809e+00	7.053254e-01
9.370809e+00	7.053254e-01
9.749973e+00	7.574869e-01
9.749973e+00	7.574869e-01
9.006145e+00	8.381867e-01
9.006145e+00	8.381867e-01
9.006145e+00	8.381867e-01
1.101640e+01	5.879576e-01
1.101640e+01	5.879576e-01
1.101640e+01	5.879576e-01
1.283680e+01	2.090163e-01
1.283680e+01	2.090163e-01
1.283680e+01	2.090163e-01
1.003733e+01	7.219269e-01
1.003733e+01	7.219269e-01
1.003733e+01	7.219269e-01
9.759705e+00	6.453848e-01
9.759705e+00	6.453848e-01
9.976250e+00	6.108362e-01
9.976250e+00	6.108362e-01
9.976250e+00	6.108362e-01
1.122993e+01	5.549583e-01
1.122993e+01	5.549583e-01
1.122993e+01	5.549583e-01
1.170364e+01	4.762512e-01
1.170364e+01	4.762512e-01
1.170364e+01	4.762512e-01
1.201855e+01	4.172926e-01
1.201855e+01	4.172926e-01
1.066496e+01	6.381615e-01
1.066496e+01	6.381615e-01
1.066496e+01	6.381615e-01
1.008431e+01	5.936370e-01
1.008431e+01	5.936370e-01
1.008431e+01	5.936370e-01
9.966117e+00	7.301599e-01
9.966117e+00	7.301599e-01
9.966117e+00	7.301599e-01
1.047702e+01	5.268804e-01
1.047702e+01	5.268804e-01
8.516874e+00	8.729548e-01
8.516874e+00	8.729548e-01
8.516874e+00	8.729548e-01
9.475426e+00	7.879871e-01
9.475426e+00	7.879871e-01
9.475426e+00	7.879871e-01
8.921292e+00	8.447926e-01
8.921292e+00	8.447926e-01
8.921292e+00	8.447926e-01
8.876513e+00	8.487167e-01
8.876513e+00	8.487167e-01
8.742323e+00	8.597284e-01
8.742323e+00	8.597284e-01
8.742323e+00	8.597284e-01
1.093661e+01	5.979766e-01
1.093661e+01	5.979766e-01
1.093661e+01	5.979766e-01
9.445745e+00	6.959558e-01
9.445745e+00	6.959558e-01
1.305891e+01	8.306410e-02
1.305891e+01	8.306410e-02
1.305891e+01	8.306410e-02
8.603706e+00	8.677851e-01
8.603706e+00	8.677851e-01
8.603706e+00	8.677851e-01
1.026200e+01	6.911880e-01
1.026200e+01	6.911880e-01
8.602825e+00	8.675987e-01
8.602825e+00	8.675987e-01
8.602825e+00	8.675987e-01
1.267396e+01	2.568388e-01
1.267396e+01	2.568388e-01
1.267396e+01	2.568388e-01
1.194601e+01	1.432236e-01
1.194601e+01	1.432236e-01
9.914903e+00	6.230105e-01
9.914903e+00	6.230105e-01
9.914903e+00	6.230105e-01
9.666723e+00	7.646795e-01
9.666723e+00	7.646795e-01
9.666723e+00	7.646795e-01
9.171953e+00	7.389379e-01
9.171953e+00	7.389379e-01
8.499491e+00	8.645065e-01
8.499491e+00	8.645065e-01
8.499491e+00	8.645065e-01
9.394035e+00	7.048577e-01
9.394035e+00	7.048577e-01
9.394035e+00	7.048577e-01
1.177942e+01	4.589170e-01
1.177942e+01	4.589170e-01
1.147159e+01	3.190060e-01
1.147159e+01	3.190060e-01
1.147159e+01	3.190060e-01
1.044504e+01	6.660369e-01
1.044504e+01	6.660369e-01
1.044504e+01	6.660369e-01
1.306738e+01	6.386262e-02
1.306738e+01	6.386262e-02
9.137585e+00	8.222109e-01
9.137585e+00	8.222109e-01
9.137585e+00	8.222109e-01
1.195625e+01	4.248147e-01
1.195625e+01	4.248147e-01
8.619512e+00	8.646529e-01
8.619512e+00	8.646529e-01
8.619512e+00	8.646529e-01
1.160040e+01	4.895577e-01
1.160040e+01	4.895577e-01
1.160040e+01	4.895577e-01
9.732638e+00	6.538023e-01
9.732638e+00	6.538023e-01
1.185933e+01	1.941819e-01
1.185933e+01	1.941819e-01
1.185933e+01	1.941819e-01
1.203997e+01	9.354639e-02
1.203997e+01	9.354639e-02
1.093342e+01	5.934621e-01
1.093342e+01	5.934621e-01
1.093342e+01	5.934621e-01
8.777270e+00	8.070119e-01
8.777270e+00	8.070119e-01
8.777270e+00	8.070119e-01
9.138204e+00	8.189605e-01
9.138204e+00	8.189605e-01
8.594139e+00	8.502254e-01
8.594139e+00	8.502254e-01
8.594139e+00	8.502254e-01
1.212628e+01	3.842639e-01
1.212628e+01	3.842639e-01
1.212628e+01	3.842639e-01
1.191960e+01	4.257291e-01
1.191960e+01	4.257291e-01
8.895993e+00	8.401073e-01
8.895993e+00	8.401073e-01
8.895993e+00	8.401073e-01
9.732534e+00	7.523979e-01
9.732534e+00	7.523979e-01
9.396419e+00	7.091735e-01
9.396419e+00	7.091735e-01
9.396419e+00	7.091735e-01
1.086754e+01	6.015888e-01
1.086754e+01	6.015888e-01
1.086754e+01	6.015888e-01
1.176613e+01	2.401491e-01
1.176613e+01	2.401491e-01
1.164299e+01	4.761917e-01
1.164299e+01	4.761917e-01
1.164299e+01	4.761917e-01
1.058191e+01	5.167476e-01
1.058191e+01	5.167476e-01
8.691458e+00	8.263872e-01
8.691458e+00	8.263872e-01
8.691458e+00	8.263872e-01
9.653623e+00	6.698309e-01
9.653623e+00	6.698309e-01
9.653623e+00	6.698309e-01
1.274916e+01	2.144023e-01
1.274916e+01	2.144023e-01
9.134342e+00	8.173453e-01
9.134342e+00	8.173453e-01
9.134342e+00	8.173453e-01
8.638074e+00	8.512744e-01
8.638074e+00	8.512744e-01
8.738901e+00	8.176696e-01
8.738901e+00	8.176696e-01
8.738901e+00	8.176696e-01
1.126576e+01	3.805336e-01
1.126576e+01	3.805336e-01
1.206137e+01	9.790575e-02
1.206137e+01	9.790575e-02
1.206137e+01	9.790575e-02
9.552140e+00	7.721090e-01
9.552140e+00	7.721090e-01
9.552140e+00	7.721090e-01
1.224770e+01	3.536290e-01
1.224770e+01	3.536290e-01
1.262569e+01	2.538712e-01
1.262569e+01	2.538712e-01
1.262569e+01	2.538712e-01
1.184754e+01	2.134695e-01
1.184754e+01	2.134695e-01
8.706827e+00	8.496732e-01
8.706827e+00	8.496732e-01
8.706827e+00	8.496732e-01
1.212686e+01	3.797188e-01
1.212686e+01	3.797188e-01
1.048800e+01	6.537026e-01
1.048800e+01	6.537026e-01
1.048800e+01	6.537026e-01
9.905175e+00	6.316782e-01
9.905175e+00	6.316782e-01
1.017743e+01	6.951378e-01
1.017743e+01	6.951378e-01
1.017743e+01	6.951378e-01
1.066682e+01	5.033848e-01
1.066682e+01	5.033848e-01
9.887992e+00	7.314698e-01
9.887992e+00	7.314698e-01
9.887992e+00	7.314698e-01
1.157882e+01	3.042806e-01
1.157882e+01	3.042806e-01
8.854592e+00	8.392082e-01
8.854592e+00	8.392082e-01
8.854592e+00	8.392082e-01
1.102486e+01	5.740815e-01
1.102486e+01	5.740815e-01
1.095098e+01	5.853148e-01
1.095098e+01	5.853148e-01
9.151952e+00	7.510874e-01
9.151952e+00	7.510874e-01
9.151952e+00	7.510874e-01
9.402404e+00	7.863574e-01
9.402404e+00	7.863574e-01
9.007264e+00	8.254080e-01
9.007264e+00	8.254080e-01
9.007264e+00	8.254080e-01
9.022025e+00	7.727617e-01
9.022025e+00	7.727617e-01
1.294513e+01	1.022336e-01
1.294513e+01	1.022336e-01
1.294513e+01	1.022336e-01
1.115165e+01	5.529776e-01
1.115165e+01	5.529776e-01
1.061883e+01	5.158658e-01
1.061883e+01	5.158658e-01
1.061883e+01	5.158658e-01
9.369167e+00	7.187326e-01
9.369167e+00	7.187326e-01
1.200377e+01	3.997004e-01
1.200377e+01	3.997004e-01
1.200377e+01	3.997004e-01
8.995115e+00	7.786293e-01
8.995115e+00	7.786293e-01
1.166042e+01	4.659570e-01
1.166042e+01	4.659570e-01
1.166042e+01	4.659570e-01
1.129427e+01	5.288540e-01
1.129427e+01	5.288540e-01
1.092959e+01	5.861110e-01
1.092959e+01	5.861110e-01
1.007485e+01	7.048805e-01
1.007485e+01	7.048805e-01
1.007485e+01	7.048805e-01
9.247767e+00	8.007670e-01
9.247767e+00	8.007670e-01
8.873327e+00	8.009250e-01
8.873327e+00	8.009250e-01
8.873327e+00	8.009250e-01
1.018342e+01	5.912098e-01
1.018342e+01	5.912098e-01
9.773575e+00	7.416974e-01
9.773575e+00	7.416974e-01
9.773575e+00	7.416974e-01
1.009878e+01	7.012260e-01
1.009878e+01	7.012260e-01
9.714613e+00	7.486840e-01
9.714613e+00	7.486840e-01
1.092466e+01	5.860934e-01
1.092466e+01	5.860934e-01
1.092466e+01	5.860934e-01
1.137039e+01	5.152399e-01
1.137039e+01	5.152399e-01
1.105554e+01	4.340915e-01
1.105554e+01	4.340915e-01
1.074492e+01	6.126289e-01
1.074492e+01	6.126289e-01
1.074492e+01	6.126289e-01
9.124890e+00	8.121418e-01
9.124890e+00	8.121418e-01
9.161735e+00	8.084983e-01
9.161735e+00	8.084983e-01
9.161735e+00	8.084983e-01
8.809064e+00	8.343887e-01
8.809064e+00	8.343887e-01
9.117846e+00	7.601299e-01
9.117846e+00	7.601299e-01
9.254312e+00	7.991224e-01
9.254312e+00	7.991224e-01
9.254312e+00	7.991224e-01
1.134929e+01	3.710271e-01
1.134929e+01	3.710271e-01
1.078025e+01	4.890191e-01
1.078025e+01	4.890191e-01
9.012172e+00	7.784185e-01
9.012172e+00	7.784185e-01
9.012172e+00	7.784185e-01
1.295523e+01	6.909052e-02
1.295523e+01	6.909052e-02
1.123864e+01	5.352846e-01
1.123864e+01	5.352846e-01
9.558401e+00	6.917903e-01
9.558401e+00	6.917903e-01
1.084845e+01	5.957266e-01
1.084845e+01	5.957266e-01
1.084845e+01	5.957266e-01
1.062774e+01	5.175222e-01
1.062774e+01	5.175222e-01
1.211035e+01	1.000608e-01
1.211035e+01	1.000608e-01
1.001159e+01	7.107086e-01
1.001159e+01	7.107086e-01
1.001159e+01	7.107086e-01
8.894250e+00	8.013014e-01
8.894250e+00	8.013014e-01
9.184168e+00	8.044665e-01
9.184168e+00	8.044665e-01
8.914940e+00	7.973735e-01
8.914940e+00	7.973735e-01
1.127816e+01	3.895221e-01
1.127816e+01	3.895221e-01
1.127816e+01	3.895221e-01
9.458522e+00	7.081032e-01
9.458522e+00	7.081032e-01
9.043377e+00	7.753809e-01
9.043377e+00	7.753809e-01
1.101216e+01	4.465993e-01
1.101216e+01	4.465993e-01
9.418448e+00	7.794490e-01
9.418448e+00	7.794490e-01
9.418448e+00	7.794490e-01
1.015114e+01	5.998364e-01
1.015114e+01	5.998364e-01
1.032841e+01	5.707698e-01
1.032841e+01	5.707698e-01
1.074968e+01	4.974022e-01
1.074968e+01	4.974022e-01
9.028251e+00	7.794118e-01
9.028251e+00	7.794118e-01
9.028251e+00	7.794118e-01
1.178116e+01	4.362348e-01
1.178116e+01	4.362348e-01
1.016585e+01	5.985661e-01
1.016585e+01	5.985661e-01
1.180515e+01	2.528554e-01
1.180515e+01	2.528554e-01
9.719356e+00	6.694804e-01
9.719356e+00	6.694804e-01
9.719356e+00	6.694804e-01
1.090581e+01	5.841273e-01
1.090581e+01	5.841273e-01
8.874160e+00	8.169987e-01
8.874160e+00	8.169987e-01
1.083919e+01	4.824243e-01
1.083919e+01	4.824243e-01
1.116950e+01	5.425605e-01
1.116950e+01	5.425605e-01
1.256522e+01	2.472531e-01
1.256522e+01	2.472531e-01
1.256522e+01	2.472531e-01
1.178037e+01	4.352164e-01
1.178037e+01	4.352164e-01
9.225688e+00	7.476431e-01
9.225688e+00	7.476431e-01
1.202144e+01	1.702203e-01
1.202144e+01	1.702203e-01
1.083681e+01	5.936130e-01
1.083681e+01	5.936130e-01
1.143019e+01	4.102405e-01
1.143019e+01	4.102405e-01
1.143019e+01	4.102405e-01
1.217245e+01	2.625322e-01
1.217245e+01	2.625322e-01
1.217245e+01	2.625322e-01
1.114634e+01	5.285085e-01
1.114634e+01	5.285085e-01
1.112208e+01	4.879384e-01
1.112208e+01	4.879384e-01
1.112208e+01	4.879384e-01
1.161251e+01	4.012716e-01
1.161251e+01	4.012716e-01
9.769905e+00	6.677007e-01
9.769905e+00	6.677007e-01
9.769905e+00	6.677007e-01
9.905295e+00	6.456585e-01
9.905295e+00	6.456585e-01
1.045199e+01	6.469243e-01
1.045199e+01	6.469243e-01
1.131911e+01	5.093558e-01
1.131911e+01	5.093558e-01
1.112376e+01	4.459857e-01
1.112376e+01	4.459857e-01
1.112376e+01	4.459857e-01
1.258574e+01	1.191989e-01
1.258574e+01	1.191989e-01
1.070803e+01	5.317478e-01
1.070803e+01	5.317478e-01
1.070803e+01	5.317478e-01
1.214973e+01	2.919178e-01
1.214973e+01	2.919178e-01
1.204905e+01	3.690070e-01
1.204905e+01	3.690070e-01
1.204905e+01	3.690070e-01
9.904814e+00	6.615392e-01
9.904814e+00	6.615392e-01
1.253972e+01	1.802660e-01
1.253972e+01	1.802660e-01
1.253972e+01	1.802660e-01
1.059158e+01	6.288479e-01
1.059158e+01	6.288479e-01
9.390755e+00	7.694681e-01
9.390755e+00	7.694681e-01
9.413805e+00	7.397518e-01
9.413805e+00	7.397518e-01
9.413805e+00	7.397518e-01
1.177655e+01	3.292148e-01
1.177655e+01	3.292148e-01
9.881714e+00	7.029628e-01
9.881714e+00	7.029628e-01
9.881714e+00	7.029628e-01
9.869037e+00	6.616592e-01
9.869037e+00	6.616592e-01
1.234361e+01	1.587655e-01
1.234361e+01	1.587655e-01
1.234361e+01	1.587655e-01
9.435477e+00	7.571980e-01
9.435477e+00	7.571980e-01
1.084182e+01	5.921175e-01
1.084182e+01	5.921175e-01
1.176539e+01	2.825190e-01
1.176539e+01	2.825190e-01
1.176539e+01	2.825190e-01
1.109944e+01	4.476326e-01
1.109944e+01	4.476326e-01
1.210054e+01	2.056640e-01
1.210054e+01	2.056640e-01
1.210054e+01	2.056640e-01
1.067332e+01	6.049983e-01
1.067332e+01	6.049983e-01
1.138201e+01	4.917765e-01
1.138201e+01	4.917765e-01
1.140460e+01	3.681194e-01
1.140460e+01	3.681194e-01
1.140460e+01	3.681194e-01
9.790986e+00	6.860231e-01
9.790986e+00	6.860231e-01
9.481298e+00	7.674897e-01
9.481298e+00	7.674897e-01
1.022138e+01	6.343923e-01
1.022138e+01	6.343923e-01
1.022138e+01	6.343923e-01
1.128218e+01	4.876449e-01
1.128218e+01	4.876449e-01
1.128218e+01	4.876449e-01
1.073358e+01	5.306359e-01
1.073358e+01	5.306359e-01
1.204143e+01	3.352855e-01
1.204143e+01	3.352855e-01
1.204143e+01	3.352855e-01
1.222143e+01	1.187756e-01
1.222143e+01	1.187756e-01
1.049833e+01	6.395864e-01
1.049833e+01	6.395864e-01
1.167697e+01	3.768539e-01
1.167697e+01	3.768539e-01
1.167697e+01	3.768539e-01
1.174493e+01	4.046273e-01
1.174493e+01	4.046273e-01
1.230133e+01	1.990674e-01
1.230133e+01	1.990674e-01
1.230133e+01	1.990674e-01
1.087040e+01	5.749985e-01
1.087040e+01	5.749985e-01
1.221956e+01	1.595499e-01
1.221956e+01	1.595499e-01
1.221956e+01	1.595499e-01
1.200143e+01	1.874354e-01
1.200143e+01	1.874354e-01
1.063677e+01	5.360276e-01
1.063677e+01	5.360276e-01
1.063677e+01	5.360276e-01
9.008088e+00	8.022538e-01
9.008088e+00	8.022538e-01
1.206959e+01	2.669754e-01
1.206959e+01	2.669754e-01
1.206959e+01	2.669754e-01
1.179009e+01	3.039879e-01
1.179009e+01	3.039879e-01
1.127491e+01	4.910865e-01
1.127491e+01	4.910865e-01
1.127491e+01	4.910865e-01
1.015499e+01	6.620117e-01
1.015499e+01	6.620117e-01
1.149399e+01	3.877713e-01
1.149399e+01	3.877713e-01
1.149399e+01	3.877713e-01
1.189833e+01	3.985056e-01
1.189833e+01	3.985056e-01
9.825205e+00	7.070803e-01
9.825205e+00	7.070803e-01
9.825205e+00	7.070803e-01
1.085332e+01	4.828442e-01
1.085332e+01	4.828442e-01
1.008382e+01	6.269402e-01
1.008382e+01	6.269402e-01
1.123453e+01	4.649005e-01
1.123453e+01	4.649005e-01
1.123453e+01	4.649005e-01
1.126808e+01	5.002549e-01
1.126808e+01	5.002549e-01
1.237443e+01	2.805312e-01
1.237443e+01	2.805312e-01
1.237443e+01	2.805312e-01
9.291634e+00	7.424106e-01
9.291634e+00	7.424106e-01
1.170182e+01	3.783872e-01
1.170182e+01	3.783872e-01
1.170182e+01	3.783872e-01
1.119081e+01	4.433078e-01
1.119081e+01	4.433078e-01
1.272609e+01	1.834153e-01
1.272609e+01	1.834153e-01
1.231122e+01	1.380891e-01
1.231122e+01	1.380891e-01
1.231122e+01	1.380891e-01
1.169957e+01	3.215842e-01
1.169957e+01	3.215842e-01
9.521119e+00	7.591057e-01
9.521119e+00	7.591057e-01
9.521119e+00	7.591057e-01
1.189654e+01	3.261213e-01
1.189654e+01	3.261213e-01
1.027979e+01	5.972050e-01
1.027979e+01	5.972050e-01
1.027979e+01	5.972050e-01
9.287950e+00	7.548780e-01
9.287950e+00	7.548780e-01
1.175724e+01	3.257686e-01
1.175724e+01	3.257686e-01
1.175724e+01	3.257686e-01
9.436550e+00	7.180422e-01
9.436550e+00	7.180422e-01
1.102098e+01	4.672032e-01
1.102098e+01	4.672032e-01
1.152271e+01	3.641917e-01
1.152271e+01	3.641917e-01
1.152271e+01	3.641917e-01
1.068481e+01	5.427025e-01
1.068481e+01	5.427025e-01
1.232565e+01	5.728272e-02
1.232565e+01	5.728272e-02
1.232565e+01	5.728272e-02
1.135994e+01	3.922662e-01
1.135994e+01	3.922662e-01
9.131881e+00	7.760114e-01
9.131881e+00	7.760114e-01
9.978796e+00	6.888802e-01
9.978796e+00	6.888802e-01
9.978796e+00	6.888802e-01
1.224733e+01	6.019559e-02
1.224733e+01	6.019559e-02
9.829021e+00	6.820122e-01
9.829021e+00	6.820122e-01
9.829021e+00	6.820122e-01
1.229726e+01	2.495540e-01
1.229726e+01	2.495540e-01
1.175192e+01	3.204575e-01
1.175192e+01	3.204575e-01
1.175192e+01	3.204575e-01
9.180461e+00	7.827191e-01
9.180461e+00	7.827191e-01
1.280068e+01	1.372862e-01
1.280068e+01	1.372862e-01
1.280068e+01	1.372862e-01
1.181069e+01	3.630930e-01
1.181069e+01	3.630930e-01
1.034622e+01	6.015552e-01
1.034622e+01	6.015552e-01
1.034622e+01	6.015552e-01
1.086904e+01	4.862094e-01
1.086904e+01	4.862094e-01
1.156085e+01	4.188344e-01
1.156085e+01	4.188344e-01
1.156085e+01	4.188344e-01
9.120441e+00	7.942665e-01
9.120441e+00	7.942665e-01
1.024892e+01	5.914990e-01
1.024892e+01	5.914990e-01
1.090993e+01	5.183944e-01
1.090993e+01	5.183944e-01
1.090993e+01	5.183944e-01
1.032725e+01	6.064482e-01
1.032725e+01	6.064482e-01
1.032725e+01	6.064482e-01
1.027465e+01	6.336402e-01
1.027465e+01	6.336402e-01
9.860485e+00	7.176722e-01
9.860485e+00	7.176722e-01
9.860485e+00	7.176722e-01
1.029723e+01	6.687311e-01
1.029723e+01	6.687311e-01
9.609131e+00	6.942051e-01
9.609131e+00	6.942051e-01
1.265638e+01	1.050010e-01
1.265638e+01	1.050010e-01
1.265638e+01	1.050010e-01
1.159309e+01	4.653389e-01
1.159309e+01	4.653389e-01
1.169071e+01	3.536984e-01
1.169071e+01	3.536984e-01
1.181996e+01	3.994448e-01
1.181996e+01	3.994448e-01
1.181996e+01	3.994448e-01
9.530490e+00	7.435753e-01
9.530490e+00	7.435753e-01
1.203970e+01	2.637600e-01
1.203970e+01	2.637600e-01
1.203970e+01	2.637600e-01
1.087260e+01	5.620804e-01
1.087260e+01	5.620804e-01
1.087260e+01	5.620804e-01
1.252543e+01	3.637359e-02
1.252543e+01	3.637359e-02
1.130860e+01	4.915281e-01
1.130860e+01	4.915281e-01
1.130860e+01	4.915281e-01
9.853649e+00	6.708002e-01
9.853649e+00	6.708002e-01
1.048892e+01	6.338767e-01
1.048892e+01	6.338767e-01
1.048892e+01	6.338767e-01
1.031147e+01	6.151305e-01
1.031147e+01	6.151305e-01
9.463417e+00	7.514166e-01
9.463417e+00	7.514166e-01
9.463417e+00	7.514166e-01
1.163011e+01	3.606776e-01
1.163011e+01	3.606776e-01
1.041379e+01	5.975793e-01
1.041379e+01	5.975793e-01
1.041379e+01	5.975793e-01
1.033439e+01	6.468225e-01
1.033439e+01	6.468225e-01
1.080063e+01	5.100542e-01
1.080063e+01	5.100542e-01
1.080063e+01	5.100542e-01
1.007724e+01	6.152404e-01
1.007724e+01	6.152404e-01
9.259812e+00	7.603452e-01
9.259812e+00	7.603452e-01
1.225218e+01	1.915815e-01
1.225218e+01	1.915815e-01
1.225218e+01	1.915815e-01
1.074697e+01	5.155157e-01
1.074697e+01	5.155157e-01
9.727908e+00	7.018065e-01
9.727908e+00	7.018065e-01
9.727908e+00	7.018065e-01
9.219000e+00	7.617857e-01
9.219000e+00	7.617857e-01
1.148007e+01	3.544009e-01
1.148007e+01	3.544009e-01
1.177991e+01	4.037860e-01
1.177991e+01	4.037860e-01
1.177991e+01	4.037860e-01
9.978482e+00	7.015124e-01
9.978482e+00	7.015124e-01
1.249549e+01	1.017068e-01
1.249549e+01	1.017068e-01
1.249549e+01	1.017068e-01
9.494105e+00	7.157876e-01
9.494105e+00	7.157876e-01
1.263990e+01	2.093268e-02
1.263990e+01	2.093268e-02
1.263990e+01	2.093268e-02
1.064614e+01	6.167389e-01
1.064614e+01	6.167389e-01
1.186890e+01	3.422658e-01
1.186890e+01	3.422658e-01
1.186890e+01	3.422658e-01
9.747075e+00	7.056766e-01
9.747075e+00	7.056766e-01
1.218186e+01	3.446433e-01
1.218186e+01	3.446433e-01
1.218186e+01	3.446433e-01
9.991345e+00	6.510617e-01
9.991345e+00	6.510617e-01
1.186354e+01	3.441103e-01
1.186354e+01	3.441103e-01
1.186354e+01	3.441103e-01
1.142002e+01	4.292473e-01
1.142002e+01	4.292473e-01
1.142002e+01	4.292473e-01
9.782368e+00	6.858056e-01
9.782368e+00	6.858056e-01
1.122521e+01	4.679119e-01
1.122521e+01	4.679119e-01
1.122521e+01	4.679119e-01
1.224879e+01	2.965502e-01
1.224879e+01	2.965502e-01
1.145156e+01	4.192323e-01
1.145156e+01	4.192323e-01
1.145156e+01	4.192323e-01
9.644309e+00	7.282697e-01
9.644309e+00	7.282697e-01
9.395692e+00	7.512358e-01
9.395692e+00	7.512358e-01
9.395692e+00	7.512358e-01
1.202224e+01	3.713701e-01
1.202224e+01	3.713701e-01
1.268484e+01	1.193251e-01
1.268484e+01	1.193251e-01
1.268484e+01	1.193251e-01
1.154390e+01	4.283370e-01
1.154390e+01	4.283370e-01
1.236021e+01	2.555843e-01
1.236021e+01	2.555843e-01
1.236021e+01	2.555843e-01
1.049101e+01	5.501872e-01
1.049101e+01	5.501872e-01
1.053591e+01	5.445280e-01
1.053591e+01	5.445280e-01
1.161524e+01	4.307734e-01
1.161524e+01	4.307734e-01
1.161524e+01	4.307734e-01
1.248192e+01	1.384808e-01
1.248192e+01	1.384808e-01
1.220046e+01	2.213830e-01
1.220046e+01	2.213830e-01
1.220046e+01	2.213830e-01
9.860234e+00	7.215080e-01
9.860234e+00	7.215080e-01
9.379215e+00	7.790860e-01
9.379215e+00	7.790860e-01
9.379215e+00	7.790860e-01
1.105826e+01	5.536325e-01
1.105826e+01	5.536325e-01
1.228133e+01	2.594756e-01
1.228133e+01	2.594756e-01
9.419116e+00	7.279961e-01
9.419116e+00	7.279961e-01
9.419116e+00	7.279961e-01
1.178758e+01	4.006134e-01
1.178758e+01	4.006134e-01
1.068321e+01	5.816393e-01
1.068321e+01	5.816393e-01
1.068321e+01	5.816393e-01
1.139192e+01	3.720603e-01
1.139192e+01	3.720603e-01
9.397836e+00	7.314239e-01
9.397836e+00	7.314239e-01
9.364801e+00	7.532008e-01
9.364801e+00	7.532008e-01
9.364801e+00	7.532008e-01
1.194319e+01	2.476563e-01
1.194319e+01	2.476563e-01
1.264555e+01	1.327239e-01
1.264555e+01	1.327239e-01
1.264555e+01	1.327239e-01
9.721916e+00	6.894490e-01
9.721916e+00	6.894490e-01
1.103939e+01	4.682674e-01
1.103939e+01	4.682674e-01
1.103939e+01	4.682674e-01
1.171637e+01	3.257594e-01
1.171637e+01	3.257594e-01
1.099386e+01	4.558572e-01
1.099386e+01	4.558572e-01
1.068645e+01	5.471185e-01
1.068645e+01	5.471185e-01
1.068645e+01	5.471185e-01
1.133473e+01	5.065541e-01
1.133473e+01	5.065541e-01
9.514055e+00	7.373312e-01
9.514055e+00	7.373312e-01
9.514055e+00	7.373312e-01
1.213713e+01	3.513437e-01
1.213713e+01	3.513437e-01
1.064442e+01	5.498821e-01
1.064442e+01	5.498821e-01
1.064442e+01	5.498821e-01
1.147376e+01	4.191816e-01
1.147376e+01	4.191816e-01
1.222059e+01	2.188697e-01
1.222059e+01	2.188697e-01
1.222059e+01	2.188697e-01
1.233965e+01	1.671420e-01
1.233965e+01	1.671420e-01
1.233965e+01	1.671420e-01
1.054722e+01	5.691335e-01
1.054722e+01	5.691335e-01
1.080181e+01	5.978314e-01
1.080181e+01	5.978314e-01
1.216948e+01	2.546438e-01
1.216948e+01	2.546438e-01
1.216948e+01	2.546438e-01
1.121240e+01	4.959270e-01
1.121240e+01	4.959270e-01
1.121240e+01	4.959270e-01
1.015130e+01	6.200881e-01
1.015130e+01	6.200881e-01
1.183879e+01	3.158830e-01
1.183879e+01	3.158830e-01
1.183879e+01	3.158830e-01
1.191042e+01	2.230635e-01
1.191042e+01	2.230635e-01
1.222435e+01	3.000831e-01
1.222435e+01	3.000831e-01
1.026639e+01	5.964038e-01
1.026639e+01	5.964038e-01
1.026639e+01	5.964038e-01
1.124196e+01	4.266626e-01
1.124196e+01	4.266626e-01
1.122906e+01	4.740104e-01
1.122906e+01	4.740104e-01
1.122906e+01	4.740104e-01
1.281507e+01	4.364801e-02
1.281507e+01	4.364801e-02
1.134277e+01	4.490351e-01
1.134277e+01	4.490351e-01
1.134277e+01	4.490351e-01
1.250371e+01	2.075531e-01
1.250371e+01	2.075531e-01
1.250371e+01	2.075531e-01
9.464765e+00	7.430538e-01
9.464765e+00	7.430538e-01
1.071814e+01	5.634324e-01
1.071814e+01	5.634324e-01
1.071814e+01	5.634324e-01
1.202887e+01	2.917916e-01
1.202887e+01	2.917916e-01
1.141923e+01	4.828701e-01
1.141923e+01	4.828701e-01
1.141923e+01	4.828701e-01
1.145229e+01	4.545206e-01
1.145229e+01	4.545206e-01
1.181664e+01	3.847174e-01
1.181664e+01	3.847174e-01
1.181664e+01	3.847174e-01
1.064489e+01	5.630773e-01
1.064489e+01	5.630773e-01
1.064489e+01	5.630773e-01
1.093672e+01	5.281033e-01
1.093672e+01	5.281033e-01
1.195799e+01	3.334889e-01
1.195799e+01	3.334889e-01
1.195799e+01	3.334889e-01
1.122972e+01	4.624595e-01
1.122972e+01	4.624595e-01
1.122972e+01	4.624595e-01
1.101390e+01	5.369210e-01
1.101390e+01	5.369210e-01
1.251908e+01	1.938792e-01
1.251908e+01	1.938792e-01
1.251908e+01	1.938792e-01
1.087100e+01	5.396327e-01
1.087100e+01	5.396327e-01
9.410284e+00	7.289787e-01
9.410284e+00	7.289787e-01
9.410284e+00	7.289787e-01
1.024023e+01	6.538528e-01
1.024023e+01	6.538528e-01
1.240639e+01	1.735635e-01
1.240639e+01	1.735635e-01
1.240639e+01	1.735635e-01
1.053143e+01	5.655060e-01
1.053143e+01	5.655060e-01
1.216757e+01	3.166510e-01
1.216757e+01	3.166510e-01
1.216757e+01	3.166510e-01
9.553617e+00	7.287462e-01
9.553617e+00	7.287462e-01
1.039377e+01	5.637785e-01
1.039377e+01	5.637785e-01
1.039377e+01	5.637785e-01
9.739044e+00	7.060737e-01
9.739044e+00	7.060737e-01
1.226388e+01	2.568561e-01
1.226388e+01	2.568561e-01
1.226388e+01	2.568561e-01
1.037124e+01	6.021462e-01
1.037124e+01	6.021462e-01
9.173333e+00	8.011827e-01
9.173333e+00	8.011827e-01
9.173333e+00	8.011827e-01
9.875801e+00	6.913085e-01
9.875801e+00	6.913085e-01
1.137964e+01	5.022708e-01
1.137964e+01	5.022708e-01
1.225671e+01	7.733939e-02
1.225671e+01	7.733939e-02
1.225671e+01	7.733939e-02
9.719370e+00	7.150219e-01
9.719370e+00	7.150219e-01
1.025098e+01	6.050360e-01
1.025098e+01	6.050360e-01
1.025098e+01	6.050360e-01
1.145565e+01	4.038679e-01
1.145565e+01	4.038679e-01
1.065243e+01	5.635945e-01
1.065243e+01	5.635945e-01
1.065243e+01	5.635945e-01
1.138941e+01	4.174167e-01
1.138941e+01	4.174167e-01
1.138941e+01	4.174167e-01
1.190085e+01	3.800896e-01
1.190085e+01	3.800896e-01
1.189406e+01	4.108796e-01
1.189406e+01	4.108796e-01
1.233411e+01	2.057228e-01
1.233411e+01	2.057228e-01
1.233411e+01	2.057228e-01
1.128791e+01	4.914449e-01
1.128791e+01	4.914449e-01
1.128791e+01	4.914449e-01
1.211162e+01	3.386137e-01
1.211162e+01	3.386137e-01
9.945669e+00	6.810553e-01
9.945669e+00	6.810553e-01
9.945669e+00	6.810553e-01
9.839108e+00	6.784752e-01
9.839108e+00	6.784752e-01
1.214804e+01	2.434473e-01
1.214804e+01	2.434473e-01
1.214804e+01	2.434473e-01
1.155954e+01	3.455634e-01
1.155954e+01	3.455634e-01
1.245064e+01	1.079934e-01
1.245064e+01	1.079934e-01
1.245064e+01	1.079934e-01
1.206484e+01	3.676399e-01
1.206484e+01	3.676399e-01
1.173851e+01	4.373578e-01
1.173851e+01	4.373578e-01
1.131182e+01	4.364115e-01
1.131182e+01	4.364115e-01
1.131182e+01	4.364115e-01
1.199724e+01	3.449761e-01
1.199724e+01	3.449761e-01
9.612060e+00	7.383984e-01
9.612060e+00	7.383984e-01
9.612060e+00	7.383984e-01
1.088018e+01	5.008867e-01
1.088018e+01	5.008867e-01
1.217340e+01	3.169816e-01
1.217340e+01	3.169816e-01
1.217340e+01	3.169816e-01
1.133172e+01	4.261117e-01
1.133172e+01	4.261117e-01
1.129202e+01	5.045718e-01
1.129202e+01	5.045718e-01
1.129202e+01	5.045718e-01
1.108917e+01	5.152207e-01
1.108917e+01	5.152207e-01
1.108917e+01	5.152207e-01
1.190385e+01	3.390318e-01
1.190385e+01	3.390318e-01
1.169948e+01	4.303676e-01
1.169948e+01	4.303676e-01
1.169948e+01	4.303676e-01
1.271366e+01	1.912010e-01
1.271366e+01	1.912010e-01
1.184593e+01	3.541053e-01
1.184593e+01	3.541053e-01
9.928625e+00	6.974845e-01
9.928625e+00	6.974845e-01
9.928625e+00	6.974845e-01
1.129149e+01	4.188822e-01
1.129149e+01	4.188822e-01
1.055718e+01	6.304390e-01
1.055718e+01	6.304390e-01
1.055718e+01	6.304390e-01
1.147882e+01	3.639707e-01
1.147882e+01	3.639707e-01
1.178506e+01	3.029809e-01
1.178506e+01	3.029809e-01
9.354575e+00	7.285051e-01
9.354575e+00	7.285051e-01
9.354575e+00	7.285051e-01
9.369302e+00	7.742991e-01
9.369302e+00	7.742991e-01
1.096029e+01	5.386347e-01
1.096029e+01	5.386347e-01
1.096029e+01	5.386347e-01
1.229312e+01	7.514965e-02
1.229312e+01	7.514965e-02
1.164168e+01	3.175132e-01
1.164168e+01	3.175132e-01
9.957970e+00	7.032070e-01
9.957970e+00	7.032070e-01
9.957970e+00	7.032070e-01
1.153430e+01	4.537256e-01
1.153430e+01	4.537256e-01
1.080698e+01	5.068721e-01
1.080698e+01	5.068721e-01
1.080698e+01	5.068721e-01
1.150570e+01	4.726238e-01
1.150570e+01	4.726238e-01
1.177149e+01	2.972588e-01
1.177149e+01	2.972588e-01
1.100851e+01	5.322868e-01
1.100851e+01	5.322868e-01
1.100851e+01	5.322868e-01
1.053171e+01	6.252980e-01
1.053171e+01	6.252980e-01
1.239508e+01	2.944929e-01
1.239508e+01	2.944929e-01
1.203389e+01	1.991099e-01
1.203389e+01	1.991099e-01
1.203389e+01	1.991099e-01
1.080805e+01	5.673601e-01
1.080805e+01	5.673601e-01
1.074319e+01	6.009755e-01
1.074319e+01	6.009755e-01
1.074319e+01	6.009755e-01
9.278933e+00	7.474488e-01
9.278933e+00	7.474488e-01
1.135667e+01	3.898900e-01
1.135667e+01	3.898900e-01
9.765178e+00	7.084725e-01
9.765178e+00	7.084725e-01
9.765178e+00	7.084725e-01
8.980661e+00	8.060109e-01
8.980661e+00	8.060109e-01
9.598994e+00	7.247352e-01
9.598994e+00	7.247352e-01
9.598994e+00	7.247352e-01
9.942532e+00	6.918610e-01
9.942532e+00	6.918610e-01
1.127832e+01	4.094173e-01
1.127832e+01	4.094173e-01
1.023022e+01	5.959468e-01
1.023022e+01	5.959468e-01
1.023022e+01	5.959468e-01
1.016484e+01	6.554192e-01
1.016484e+01	6.554192e-01
1.213857e+01	3.352230e-01
1.213857e+01	3.352230e-01
1.213857e+01	3.352230e-01
9.896136e+00	6.755516e-01
9.896136e+00	6.755516e-01
1.034658e+01	5.896564e-01
1.034658e+01	5.896564e-01
1.034658e+01	5.896564e-01
1.248079e+01	7.187482e-02
1.248079e+01	7.187482e-02
9.274207e+00	7.787465e-01
9.274207e+00	7.787465e-01
9.274207e+00	7.787465e-01
1.122170e+01	4.149402e-01
1.122170e+01	4.149402e-01
1.008417e+01	6.507734e-01
1.008417e+01	6.507734e-01
1.008417e+01	6.507734e-01
1.140875e+01	4.526153e-01
1.140875e+01	4.526153e-01
9.905988e+00	6.485151e-01
9.905988e+00	6.485151e-01
9.905988e+00	6.485151e-01
1.032074e+01	6.531386e-01
1.032074e+01	6.531386e-01
9.322620e+00	7.859463e-01
9.322620e+00	7.859463e-01
1.146532e+01	4.350803e-01
1.146532e+01	4.350803e-01
1.146532e+01	4.350803e-01
1.125797e+01	4.993771e-01
1.125797e+01	4.993771e-01
9.157466e+00	7.888988e-01
9.157466e+00	7.888988e-01
9.157466e+00	7.888988e-01
1.112879e+01	5.178834e-01
1.112879e+01	5.178834e-01
1.155793e+01	4.295294e-01
1.155793e+01	4.295294e-01
1.155793e+01	4.295294e-01
9.843296e+00	6.823993e-01
9.843296e+00	6.823993e-01
9.317113e+00	7.836453e-01
9.317113e+00	7.836453e-01
9.317113e+00	7.836453e-01
1.204849e+01	2.615033e-01
1.204849e+01	2.615033e-01
1.096053e+01	4.920173e-01
1.096053e+01	4.920173e-01
1.096053e+01	4.920173e-01
1.249735e+01	1.676607e-01
1.249735e+01	1.676607e-01
1.249735e+01	1.676607e-01
1.074713e+01	5.839136e-01
1.074713e+01	5.839136e-01
1.117873e+01	4.692884e-01
1.117873e+01	4.692884e-01
1.117873e+01	4.692884e-01
1.160027e+01	4.088940e-01
1.160027e+01	4.088940e-01
1.236028e+01	1.472811e-01
1.236028e+01	1.472811e-01
1.236028e+01	1.472811e-01
1.279580e+01	1.500639e-01
1.279580e+01	1.500639e-01
1.120301e+01	5.250949e-01
1.120301e+01	5.250949e-01
1.120301e+01	5.250949e-01
1.013485e+01	6.110881e-01
1.013485e+01	6.110881e-01
1.049771e+01	6.307458e-01
1.049771e+01	6.307458e-01
