# Concluded in 8 seconds
# dL, iota
2.265560e+01	1.330735e+00
1.090964e+01	7.786875e-01
2.416305e+01	1.613275e+00
1.975976e+01	3.616124e-01
9.793875e+00	4.687157e-01
1.319581e+01	4.737933e-01
2.476785e+01	1.456738e+00
2.109174e+01	8.930699e-01
1.057829e+01	2.993238e-01
2.005969e+01	4.392338e-01
4.465942e+00	1.361373e+00
1.036722e+01	3.645530e-01
1.304336e+01	4.691390e-01
9.623335e+00	5.287893e-01
5.088332e+00	1.309437e+00
9.118777e+00	6.213748e-01
2.133100e+01	9.295655e-01
1.319861e+01	4.317726e-01
2.495341e+01	1.671529e+00
6.857245e+00	1.151005e+00
7.881810e+00	1.052161e+00
2.030137e+01	5.019266e-01
1.268954e+01	5.002745e-01
1.331633e+01	3.957909e-01
7.281910e+00	1.107916e+00
2.340379e+01	9.150968e-01
5.809101e+00	1.108584e+00
2.105757e+01	8.174828e-01
4.760119e+00	1.262554e+00
7.123931e+00	9.327123e-01
2.440663e+01	1.379327e+00
8.696166e+00	7.062056e-01
1.116763e+01	6.871413e-01
1.296560e+01	4.380064e-01
8.166159e+00	1.015184e+00
2.326868e+01	1.374406e+00
1.327115e+01	3.785366e-01
9.297734e+00	6.144596e-01
5.706409e+00	1.131666e+00
7.902896e+00	8.298904e-01
2.085527e+01	7.135967e-01
2.427736e+01	1.559388e+00
2.107299e+01	7.936075e-01
5.490479e+00	1.164317e+00
2.096512e+01	7.526272e-01
6.483990e+00	1.027625e+00
2.462684e+01	1.594024e+00
2.052788e+01	3.485490e-01
5.789403e+00	1.230365e+00
5.155180e+00	1.276841e+00
2.102989e+01	7.677969e-01
2.283750e+01	1.266455e+00
8.892847e+00	9.322706e-01
1.069324e+01	7.315186e-01
2.182957e+01	1.596053e-02
2.303680e+01	1.310511e+00
1.293522e+01	4.188228e-01
2.174874e+01	9.893584e-01
2.063914e+01	5.686859e-01
5.228843e+00	1.264980e+00
1.148818e+01	4.580089e-02
1.328729e+01	3.450012e-01
9.443125e+00	6.017639e-01
2.078681e+01	6.450839e-01
9.572574e+00	8.562278e-01
2.388865e+01	1.202344e+00
1.227686e+01	5.194189e-01
2.459596e+01	1.523049e+00
6.975544e+00	1.119444e+00
2.135058e+01	1.104831e-01
9.396332e+00	8.738943e-01
1.121036e+01	1.980974e-01
7.324914e+00	1.085655e+00
9.355311e+00	8.779736e-01
7.371349e+00	9.146994e-01
2.451752e+01	1.484818e+00
2.120879e+01	8.074580e-01
5.226994e+00	1.220702e+00
1.201266e+01	5.525655e-01
2.389457e+01	1.214909e+00
7.690604e+00	1.048208e+00
1.254109e+01	4.703843e-01
2.382576e+01	1.187109e+00
8.110025e+00	8.126995e-01
5.215042e+00	1.227401e+00
1.073224e+01	7.173513e-01
5.171036e+00	1.240807e+00
2.419848e+01	1.520987e+00
2.365227e+01	1.114618e+00
2.359639e+01	1.416016e+00
6.730305e+00	1.138008e+00
5.628762e+00	1.160448e+00
5.628762e+00	1.160448e+00
8.949905e+00	9.179972e-01
6.064178e+00	1.097975e+00
2.265646e+01	1.208975e+00
8.328925e+00	9.816373e-01
2.433104e+01	1.531244e+00
6.830884e+00	1.127171e+00
6.840553e+00	9.928303e-01
5.797501e+00	1.138611e+00
7.437289e+00	1.069246e+00
7.437289e+00	1.069246e+00
9.573495e+00	8.474776e-01
2.426987e+01	1.390075e+00
9.329456e+00	6.332889e-01
1.032557e+01	7.594605e-01
2.442422e+01	1.479167e+00
2.442422e+01	1.479167e+00
2.419657e+01	1.360684e+00
1.221000e+01	5.099920e-01
5.399212e+00	1.211953e+00
8.082876e+00	8.234543e-01
8.082876e+00	8.234543e-01
8.436770e+00	9.665428e-01
5.843938e+00	1.206030e+00
5.411414e+00	1.214344e+00
1.204303e+01	5.325234e-01
1.204303e+01	5.325234e-01
1.104003e+01	2.861966e-01
2.292365e+01	7.164260e-01
1.139073e+01	6.227531e-01
1.139073e+01	6.227531e-01
1.356253e+01	2.152664e-01
1.032721e+01	7.554871e-01
7.773378e+00	1.031742e+00
7.773378e+00	1.031742e+00
8.927350e+00	7.017395e-01
9.043769e+00	9.001574e-01
1.019809e+01	7.701377e-01
1.019809e+01	7.701377e-01
5.946073e+00	1.195002e+00
1.185019e+01	5.570232e-01
2.181662e+01	9.706002e-01
2.181662e+01	9.706002e-01
2.402985e+01	1.474129e+00
1.091845e+01	6.807287e-01
1.091845e+01	6.807287e-01
2.349451e+01	1.378387e+00
1.160709e+01	5.883193e-01
2.326200e+01	9.647349e-01
2.326200e+01	9.647349e-01
2.097675e+01	6.510777e-01
5.826690e+00	1.148239e+00
5.826690e+00	1.148239e+00
2.398029e+01	1.286625e+00
2.419235e+01	1.485839e+00
2.419235e+01	1.485839e+00
2.113564e+01	7.239350e-01
2.283707e+01	5.124580e-01
2.283707e+01	5.124580e-01
5.977184e+00	1.126165e+00
2.378885e+01	1.428439e+00
2.378885e+01	1.428439e+00
1.183192e+01	5.526919e-01
9.761197e+00	8.159810e-01
9.761197e+00	8.159810e-01
8.787672e+00	7.283169e-01
5.669996e+00	1.200255e+00
1.372698e+01	6.264443e-02
1.372698e+01	6.264443e-02
2.347705e+01	1.076442e+00
2.347705e+01	1.076442e+00
5.900660e+00	1.189605e+00
2.085791e+01	3.772404e-01
2.085791e+01	3.772404e-01
2.086172e+01	3.809171e-01
7.367714e+00	1.064609e+00
7.367714e+00	1.064609e+00
6.237861e+00	1.164077e+00
2.184739e+01	9.639017e-01
2.184739e+01	9.639017e-01
7.465282e+00	9.203203e-01
2.294051e+01	7.911857e-01
2.294051e+01	7.911857e-01
1.133735e+01	6.164559e-01
1.133735e+01	6.164559e-01
2.310697e+01	9.056053e-01
6.413244e+00	1.147109e+00
6.413244e+00	1.147109e+00
7.579369e+00	1.041729e+00
7.579369e+00	1.041729e+00
1.077143e+01	3.806792e-01
6.150558e+00	1.109012e+00
6.150558e+00	1.109012e+00
8.855500e+00	9.109822e-01
8.855500e+00	9.109822e-01
1.358754e+01	1.326677e-01
1.358754e+01	1.326677e-01
2.121945e+01	2.235515e-01
2.102475e+01	3.004834e-01
2.102475e+01	3.004834e-01
2.325150e+01	9.904598e-01
2.325150e+01	9.904598e-01
6.163711e+00	1.162096e+00
6.163711e+00	1.162096e+00
2.118462e+01	7.074705e-01
2.381270e+01	1.242745e+00
2.381270e+01	1.242745e+00
2.413779e+01	1.408352e+00
2.413779e+01	1.408352e+00
2.324677e+01	9.915578e-01
2.324677e+01	9.915578e-01
9.127948e+00	6.862565e-01
9.127948e+00	6.862565e-01
2.219576e+01	1.050354e+00
2.412799e+01	1.423497e+00
2.412799e+01	1.423497e+00
2.278646e+01	4.620794e-01
2.278646e+01	4.620794e-01
1.346375e+01	1.717509e-01
1.346375e+01	1.717509e-01
1.041002e+01	4.674520e-01
1.041002e+01	4.674520e-01
1.147139e+01	5.882641e-01
1.147139e+01	5.882641e-01
8.104630e+00	9.843535e-01
8.104630e+00	9.843535e-01
1.118820e+01	2.846557e-01
2.355154e+01	1.138220e+00
2.355154e+01	1.138220e+00
2.101731e+01	3.438544e-01
2.101731e+01	3.438544e-01
9.098566e+00	8.789058e-01
9.098566e+00	8.789058e-01
6.862894e+00	1.013392e+00
6.862894e+00	1.013392e+00
7.280337e+00	1.063543e+00
7.280337e+00	1.063543e+00
2.098284e+01	3.868439e-01
2.098284e+01	3.868439e-01
1.047445e+01	4.585169e-01
1.047445e+01	4.585169e-01
6.511033e+00	1.129667e+00
6.511033e+00	1.129667e+00
6.561380e+00	1.058756e+00
6.561380e+00	1.058756e+00
2.111197e+01	6.387432e-01
2.111197e+01	6.387432e-01
1.115188e+01	6.280403e-01
1.115188e+01	6.280403e-01
1.126777e+01	2.671431e-01
1.126777e+01	2.671431e-01
1.211280e+01	4.840884e-01
1.211280e+01	4.840884e-01
2.221303e+01	1.043966e+00
2.221303e+01	1.043966e+00
7.818862e+00	8.831277e-01
7.818862e+00	8.831277e-01
2.333884e+01	1.314808e+00
2.333884e+01	1.314808e+00
1.124338e+01	2.796203e-01
1.124338e+01	2.796203e-01
2.309808e+01	1.262887e+00
2.309808e+01	1.262887e+00
1.201006e+01	4.976223e-01
1.201006e+01	4.976223e-01
1.123477e+01	6.130196e-01
1.123477e+01	6.130196e-01
2.388959e+01	1.304507e+00
2.388959e+01	1.304507e+00
8.859083e+00	9.004877e-01
8.859083e+00	9.004877e-01
7.773747e+00	1.012634e+00
7.773747e+00	1.012634e+00
7.203108e+00	1.066724e+00
7.203108e+00	1.066724e+00
8.348570e+00	8.098798e-01
8.348570e+00	8.098798e-01
2.148001e+01	8.010564e-01
2.148001e+01	8.010564e-01
1.072923e+01	6.801484e-01
1.072923e+01	6.801484e-01
1.072923e+01	6.801484e-01
1.230949e+01	4.454761e-01
1.230949e+01	4.454761e-01
1.007581e+01	5.402253e-01
1.007581e+01	5.402253e-01
6.935855e+00	1.009228e+00
6.935855e+00	1.009228e+00
2.386134e+01	1.395952e+00
2.386134e+01	1.395952e+00
1.344564e+01	1.275194e-01
1.344564e+01	1.275194e-01
8.962120e+00	7.221524e-01
8.962120e+00	7.221524e-01
6.956811e+00	1.008523e+00
6.956811e+00	1.008523e+00
2.155002e+01	8.203585e-01
2.155002e+01	8.203585e-01
7.240468e+00	1.060623e+00
7.240468e+00	1.060623e+00
6.295838e+00	1.120558e+00
6.295838e+00	1.120558e+00
6.990231e+00	1.004121e+00
6.990231e+00	1.004121e+00
6.990231e+00	1.004121e+00
2.389421e+01	1.321269e+00
2.389421e+01	1.321269e+00
1.325760e+01	2.113242e-01
1.325760e+01	2.113242e-01
2.270776e+01	4.604153e-01
2.270776e+01	4.604153e-01
2.329543e+01	1.298203e+00
2.329543e+01	1.298203e+00
8.431021e+00	9.425250e-01
8.431021e+00	9.425250e-01
2.271803e+01	6.973077e-01
2.271803e+01	6.973077e-01
1.125030e+01	2.893521e-01
1.125030e+01	2.893521e-01
1.125030e+01	2.893521e-01
9.362266e+00	6.632278e-01
9.362266e+00	6.632278e-01
9.932099e+00	7.747352e-01
9.932099e+00	7.747352e-01
1.029284e+01	5.065458e-01
1.029284e+01	5.065458e-01
1.108253e+01	3.373551e-01
1.108253e+01	3.373551e-01
2.313470e+01	1.260138e+00
2.313470e+01	1.260138e+00
8.684038e+00	7.671343e-01
8.684038e+00	7.671343e-01
1.039486e+01	4.888298e-01
1.039486e+01	4.888298e-01
1.039486e+01	4.888298e-01
6.429971e+00	1.114379e+00
6.429971e+00	1.114379e+00
8.564264e+00	9.263606e-01
8.564264e+00	9.263606e-01
7.547627e+00	9.291080e-01
7.547627e+00	9.291080e-01
9.531430e+00	6.392717e-01
9.531430e+00	6.392717e-01
1.086186e+01	3.945323e-01
1.086186e+01	3.945323e-01
1.086186e+01	3.945323e-01
6.581774e+00	1.106588e+00
6.581774e+00	1.106588e+00
2.279343e+01	7.865257e-01
2.279343e+01	7.865257e-01
2.118529e+01	3.303653e-01
2.118529e+01	3.303653e-01
2.377780e+01	1.365368e+00
2.377780e+01	1.365368e+00
2.377780e+01	1.365368e+00
9.018958e+00	8.756996e-01
9.018958e+00	8.756996e-01
2.159018e+01	8.193702e-01
2.159018e+01	8.193702e-01
1.243868e+01	4.057315e-01
1.243868e+01	4.057315e-01
2.171080e+01	8.626613e-01
2.171080e+01	8.626613e-01
2.171080e+01	8.626613e-01
1.117228e+01	6.095990e-01
1.117228e+01	6.095990e-01
2.272660e+01	3.994162e-01
2.272660e+01	3.994162e-01
2.350849e+01	1.326578e+00
2.350849e+01	1.326578e+00
2.317377e+01	1.007831e+00
2.317377e+01	1.007831e+00
2.317377e+01	1.007831e+00
9.916105e+00	5.804630e-01
9.916105e+00	5.804630e-01
6.634578e+00	1.096459e+00
6.634578e+00	1.096459e+00
6.671389e+00	1.065058e+00
6.671389e+00	1.065058e+00
6.671389e+00	1.065058e+00
7.837477e+00	9.963255e-01
7.837477e+00	9.963255e-01
2.175564e+01	8.725195e-01
2.175564e+01	8.725195e-01
9.764197e+00	7.875139e-01
9.764197e+00	7.875139e-01
9.764197e+00	7.875139e-01
2.136152e+01	7.060076e-01
2.136152e+01	7.060076e-01
2.269990e+01	1.148694e+00
2.269990e+01	1.148694e+00
2.375463e+01	1.287414e+00
2.375463e+01	1.287414e+00
2.375463e+01	1.287414e+00
6.789573e+00	1.047126e+00
6.789573e+00	1.047126e+00
6.850904e+00	1.081851e+00
6.850904e+00	1.081851e+00
9.022180e+00	8.718396e-01
9.022180e+00	8.718396e-01
1.090711e+01	6.423211e-01
1.090711e+01	6.423211e-01
1.090711e+01	6.423211e-01
9.370131e+00	6.708239e-01
9.370131e+00	6.708239e-01
2.265326e+01	6.895860e-01
2.265326e+01	6.895860e-01
2.260223e+01	5.244603e-01
2.260223e+01	5.244603e-01
2.260223e+01	5.244603e-01
1.193981e+01	4.873847e-01
1.193981e+01	4.873847e-01
2.347142e+01	1.152461e+00
2.347142e+01	1.152461e+00
7.763329e+00	9.051093e-01
7.763329e+00	9.051093e-01
7.763329e+00	9.051093e-01
1.116198e+01	3.325497e-01
1.116198e+01	3.325497e-01
9.758065e+00	6.105271e-01
9.758065e+00	6.105271e-01
8.696610e+00	7.729649e-01
8.696610e+00	7.729649e-01
8.696610e+00	7.729649e-01
9.363872e+00	6.737534e-01
9.363872e+00	6.737534e-01
6.784827e+00	1.081206e+00
6.784827e+00	1.081206e+00
6.899845e+00	1.073400e+00
6.899845e+00	1.073400e+00
6.899845e+00	1.073400e+00
1.002782e+01	7.521040e-01
1.002782e+01	7.521040e-01
2.193377e+01	9.231633e-01
2.193377e+01	9.231633e-01
2.261719e+01	6.736985e-01
2.261719e+01	6.736985e-01
2.261719e+01	6.736985e-01
2.328004e+01	1.075543e+00
2.328004e+01	1.075543e+00
9.695978e+00	7.909500e-01
9.695978e+00	7.909500e-01
9.695978e+00	7.909500e-01
2.262299e+01	1.120043e+00
2.262299e+01	1.120043e+00
2.298213e+01	1.206009e+00
2.298213e+01	1.206009e+00
2.365038e+01	1.257614e+00
2.365038e+01	1.257614e+00
2.365038e+01	1.257614e+00
1.256791e+01	3.577943e-01
1.256791e+01	3.577943e-01
7.298648e+00	1.038781e+00
7.298648e+00	1.038781e+00
7.298648e+00	1.038781e+00
2.365796e+01	1.315585e+00
2.365796e+01	1.315585e+00
1.013257e+01	7.360951e-01
1.013257e+01	7.360951e-01
1.013257e+01	7.360951e-01
1.149296e+01	2.494490e-01
1.149296e+01	2.494490e-01
2.367389e+01	1.280149e+00
2.367389e+01	1.280149e+00
2.367389e+01	1.280149e+00
6.974737e+00	1.061994e+00
6.974737e+00	1.061994e+00
8.518056e+00	9.198868e-01
8.518056e+00	9.198868e-01
9.280426e+00	8.361093e-01
9.280426e+00	8.361093e-01
9.280426e+00	8.361093e-01
8.376963e+00	9.341794e-01
8.376963e+00	9.341794e-01
2.121802e+01	4.186478e-01
2.121802e+01	4.186478e-01
2.121802e+01	4.186478e-01
7.022130e+00	1.055952e+00
7.022130e+00	1.055952e+00
2.268428e+01	7.678036e-01
2.268428e+01	7.678036e-01
2.268428e+01	7.678036e-01
2.361299e+01	1.304634e+00
2.361299e+01	1.304634e+00
2.363016e+01	1.264041e+00
2.363016e+01	1.264041e+00
2.363016e+01	1.264041e+00
1.285209e+01	2.794298e-01
1.285209e+01	2.794298e-01
7.891088e+00	8.955006e-01
7.891088e+00	8.955006e-01
7.891088e+00	8.955006e-01
2.313219e+01	1.230936e+00
2.313219e+01	1.230936e+00
1.045623e+01	6.913508e-01
1.045623e+01	6.913508e-01
1.045623e+01	6.913508e-01
2.253586e+01	5.129888e-01
2.253586e+01	5.129888e-01
2.302393e+01	9.715841e-01
2.302393e+01	9.715841e-01
2.302393e+01	9.715841e-01
7.655055e+00	1.002926e+00
7.655055e+00	1.002926e+00
1.113794e+01	5.972355e-01
1.113794e+01	5.972355e-01
1.113794e+01	5.972355e-01
2.313954e+01	1.230470e+00
2.313954e+01	1.230470e+00
7.438490e+00	9.625272e-01
7.438490e+00	9.625272e-01
7.438490e+00	9.625272e-01
2.360996e+01	1.269541e+00
2.360996e+01	1.269541e+00
2.254863e+01	6.465142e-01
2.254863e+01	6.465142e-01
2.254863e+01	6.465142e-01
7.391609e+00	9.705103e-01
7.391609e+00	9.705103e-01
1.102257e+01	6.127090e-01
1.102257e+01	6.127090e-01
1.102257e+01	6.127090e-01
2.137883e+01	6.577240e-01
2.137883e+01	6.577240e-01
2.320914e+01	1.064872e+00
2.320914e+01	1.064872e+00
2.320914e+01	1.064872e+00
7.107827e+00	1.017905e+00
7.107827e+00	1.017905e+00
8.086884e+00	8.708914e-01
8.086884e+00	8.708914e-01
8.086884e+00	8.708914e-01
8.270368e+00	9.403415e-01
8.270368e+00	9.403415e-01
8.688256e+00	8.966372e-01
8.688256e+00	8.966372e-01
8.688256e+00	8.966372e-01
2.284162e+01	8.883586e-01
2.284162e+01	8.883586e-01
2.149362e+01	7.151259e-01
2.149362e+01	7.151259e-01
2.149362e+01	7.151259e-01
2.319788e+01	1.066358e+00
2.319788e+01	1.066358e+00
1.081910e+01	6.378435e-01
1.081910e+01	6.378435e-01
1.081910e+01	6.378435e-01
7.295658e+00	1.027609e+00
7.295658e+00	1.027609e+00
7.295658e+00	1.027609e+00
1.241794e+01	3.718025e-01
1.241794e+01	3.718025e-01
9.545740e+00	7.992391e-01
9.545740e+00	7.992391e-01
9.545740e+00	7.992391e-01
2.161362e+01	7.708482e-01
2.161362e+01	7.708482e-01
2.250188e+01	1.069866e+00
2.250188e+01	1.069866e+00
2.250188e+01	1.069866e+00
2.275301e+01	8.421259e-01
2.275301e+01	8.421259e-01
9.613546e+00	6.491645e-01
9.613546e+00	6.491645e-01
9.613546e+00	6.491645e-01
2.249952e+01	1.068198e+00
2.249952e+01	1.068198e+00
8.778975e+00	7.746712e-01
8.778975e+00	7.746712e-01
8.778975e+00	7.746712e-01
9.359947e+00	6.887715e-01
9.359947e+00	6.887715e-01
1.258780e+01	3.299257e-01
1.258780e+01	3.299257e-01
1.258780e+01	3.299257e-01
7.160724e+00	1.025851e+00
7.160724e+00	1.025851e+00
7.160724e+00	1.025851e+00
9.113312e+00	7.266055e-01
9.113312e+00	7.266055e-01
2.133569e+01	3.802698e-01
2.133569e+01	3.802698e-01
2.133569e+01	3.802698e-01
1.092124e+01	6.204748e-01
1.092124e+01	6.204748e-01
2.247864e+01	5.696748e-01
2.247864e+01	5.696748e-01
2.247864e+01	5.696748e-01
9.163682e+00	7.196134e-01
9.163682e+00	7.196134e-01
2.330732e+01	1.127365e+00
2.330732e+01	1.127365e+00
2.330732e+01	1.127365e+00
7.415774e+00	1.013393e+00
7.415774e+00	1.013393e+00
2.348530e+01	1.230073e+00
2.348530e+01	1.230073e+00
2.348530e+01	1.230073e+00
1.236615e+01	3.758256e-01
1.236615e+01	3.758256e-01
1.102606e+01	6.042913e-01
1.102606e+01	6.042913e-01
1.102606e+01	6.042913e-01
2.187302e+01	8.667407e-01
2.187302e+01	8.667407e-01
1.165462e+01	5.076706e-01
1.165462e+01	5.076706e-01
1.165462e+01	5.076706e-01
7.271262e+00	1.004726e+00
7.271262e+00	1.004726e+00
7.271262e+00	1.004726e+00
7.662462e+00	9.929260e-01
7.662462e+00	9.929260e-01
8.406805e+00	9.213685e-01
8.406805e+00	9.213685e-01
8.406805e+00	9.213685e-01
1.148471e+01	2.816207e-01
1.148471e+01	2.816207e-01
1.246940e+01	3.505606e-01
1.246940e+01	3.505606e-01
1.246940e+01	3.505606e-01
7.293517e+00	1.014926e+00
7.293517e+00	1.014926e+00
2.149700e+01	6.927063e-01
2.149700e+01	6.927063e-01
2.149700e+01	6.927063e-01
1.141141e+01	5.447839e-01
1.141141e+01	5.447839e-01
2.300077e+01	1.966484e-01
2.300077e+01	1.966484e-01
2.300077e+01	1.966484e-01
1.197973e+01	4.490507e-01
1.197973e+01	4.490507e-01
7.341461e+00	1.013713e+00
7.341461e+00	1.013713e+00
7.341461e+00	1.013713e+00
2.327094e+01	1.234962e+00
2.327094e+01	1.234962e+00
2.151924e+01	2.874547e-01
2.151924e+01	2.874547e-01
2.151924e+01	2.874547e-01
2.155150e+01	7.205483e-01
2.155150e+01	7.205483e-01
1.190351e+01	4.616616e-01
1.190351e+01	4.616616e-01
1.190351e+01	4.616616e-01
2.269473e+01	8.251207e-01
2.269473e+01	8.251207e-01
1.014891e+01	5.676538e-01
1.014891e+01	5.676538e-01
1.014891e+01	5.676538e-01
2.343249e+01	1.240538e+00
2.343249e+01	1.240538e+00
2.330096e+01	1.137251e+00
2.330096e+01	1.137251e+00
2.330096e+01	1.137251e+00
1.137692e+01	5.475376e-01
1.137692e+01	5.475376e-01
1.009471e+01	5.777833e-01
1.009471e+01	5.777833e-01
1.009471e+01	5.777833e-01
2.296489e+01	9.762067e-01
2.296489e+01	9.762067e-01
2.276985e+01	1.126813e+00
2.276985e+01	1.126813e+00
2.276985e+01	1.126813e+00
7.605164e+00	9.928597e-01
7.605164e+00	9.928597e-01
8.501825e+00	8.208737e-01
8.501825e+00	8.208737e-01
8.501825e+00	8.208737e-01
2.312831e+01	1.056621e+00
2.312831e+01	1.056621e+00
2.331248e+01	1.231410e+00
2.331248e+01	1.231410e+00
9.877957e+00	7.517355e-01
9.877957e+00	7.517355e-01
9.877957e+00	7.517355e-01
1.266762e+01	2.914745e-01
1.266762e+01	2.914745e-01
1.165042e+01	5.003643e-01
1.165042e+01	5.003643e-01
1.165042e+01	5.003643e-01
1.131725e+01	5.533936e-01
1.131725e+01	5.533936e-01
2.163888e+01	7.503899e-01
2.163888e+01	7.503899e-01
2.163888e+01	7.503899e-01
1.041856e+01	5.253020e-01
1.041856e+01	5.253020e-01
7.486761e+00	9.942117e-01
7.486761e+00	9.942117e-01
7.486761e+00	9.942117e-01
7.469682e+00	9.874161e-01
7.469682e+00	9.874161e-01
1.039050e+01	5.308562e-01
1.039050e+01	5.308562e-01
1.039050e+01	5.308562e-01
2.332203e+01	1.223209e+00
2.332203e+01	1.223209e+00
9.114975e+00	7.342814e-01
9.114975e+00	7.342814e-01
9.114975e+00	7.342814e-01
8.358552e+00	9.203138e-01
8.358552e+00	9.203138e-01
1.066178e+01	4.818885e-01
1.066178e+01	4.818885e-01
1.066178e+01	4.818885e-01
2.237510e+01	1.014654e+00
2.237510e+01	1.014654e+00
2.285917e+01	1.140412e+00
2.285917e+01	1.140412e+00
2.285917e+01	1.140412e+00
2.269615e+01	8.466529e-01
2.269615e+01	8.466529e-01
2.143721e+01	3.662174e-01
2.143721e+01	3.662174e-01
2.143721e+01	3.662174e-01
7.525381e+00	9.865195e-01
7.525381e+00	9.865195e-01
2.166608e+01	2.530627e-01
2.166608e+01	2.530627e-01
2.166608e+01	2.530627e-01
8.862030e+00	8.665512e-01
8.862030e+00	8.665512e-01
1.243603e+01	3.427411e-01
1.243603e+01	3.427411e-01
1.243603e+01	3.427411e-01
2.244663e+01	4.596853e-01
2.244663e+01	4.596853e-01
7.667356e+00	9.520758e-01
7.667356e+00	9.520758e-01
7.667356e+00	9.520758e-01
8.717808e+00	8.812815e-01
8.717808e+00	8.812815e-01
2.278938e+01	1.121559e+00
2.278938e+01	1.121559e+00
2.278938e+01	1.121559e+00
9.058786e+00	8.438109e-01
9.058786e+00	8.438109e-01
1.167193e+01	4.908742e-01
1.167193e+01	4.908742e-01
2.144095e+01	6.047073e-01
2.144095e+01	6.047073e-01
2.144095e+01	6.047073e-01
8.545680e+00	8.987808e-01
8.545680e+00	8.987808e-01
2.145781e+01	6.190891e-01
2.145781e+01	6.190891e-01
2.145781e+01	6.190891e-01
1.188746e+01	4.522571e-01
1.188746e+01	4.522571e-01
7.922778e+00	9.585596e-01
7.922778e+00	9.585596e-01
7.922778e+00	9.585596e-01
7.768999e+00	9.707424e-01
7.768999e+00	9.707424e-01
7.767023e+00	9.708570e-01
7.767023e+00	9.708570e-01
7.767023e+00	9.708570e-01
9.262627e+00	7.156729e-01
9.262627e+00	7.156729e-01
1.198351e+01	4.330212e-01
1.198351e+01	4.330212e-01
8.515039e+00	9.009462e-01
8.515039e+00	9.009462e-01
8.515039e+00	9.009462e-01
2.138881e+01	4.850747e-01
2.138881e+01	4.850747e-01
1.015572e+01	5.762746e-01
1.015572e+01	5.762746e-01
1.015572e+01	5.762746e-01
1.281440e+01	2.294474e-01
1.281440e+01	2.294474e-01
1.160560e+01	4.994418e-01
1.160560e+01	4.994418e-01
2.318318e+01	1.108014e+00
2.318318e+01	1.108014e+00
2.318318e+01	1.108014e+00
1.212297e+01	4.039595e-01
1.212297e+01	4.039595e-01
2.154381e+01	6.734969e-01
2.154381e+01	6.734969e-01
2.154381e+01	6.734969e-01
2.212668e+01	9.288593e-01
2.212668e+01	9.288593e-01
2.302462e+01	1.632636e-01
2.302462e+01	1.632636e-01
1.089030e+01	4.435736e-01
1.089030e+01	4.435736e-01
1.089030e+01	4.435736e-01
8.401527e+00	9.112605e-01
8.401527e+00	9.112605e-01
1.151116e+01	2.982863e-01
1.151116e+01	2.982863e-01
1.151116e+01	2.982863e-01
9.691259e+00	7.676189e-01
9.691259e+00	7.676189e-01
1.076227e+01	4.695564e-01
1.076227e+01	4.695564e-01
1.087521e+01	4.473345e-01
1.087521e+01	4.473345e-01
1.087521e+01	4.473345e-01
9.189779e+00	7.287783e-01
9.189779e+00	7.287783e-01
1.045147e+01	6.700823e-01
1.045147e+01	6.700823e-01
9.501017e+00	7.895704e-01
9.501017e+00	7.895704e-01
9.501017e+00	7.895704e-01
2.166061e+01	7.348087e-01
2.166061e+01	7.348087e-01
2.203360e+01	1.608246e-01
2.203360e+01	1.608246e-01
2.319218e+01	1.184281e+00
2.319218e+01	1.184281e+00
2.319218e+01	1.184281e+00
7.908624e+00	9.209364e-01
7.908624e+00	9.209364e-01
1.152328e+01	3.002780e-01
1.152328e+01	3.002780e-01
2.320068e+01	1.133169e+00
2.320068e+01	1.133169e+00
2.320068e+01	1.133169e+00
1.104732e+01	5.835166e-01
1.104732e+01	5.835166e-01
8.119065e+00	8.895589e-01
8.119065e+00	8.895589e-01
8.119065e+00	8.895589e-01
1.131636e+01	5.409655e-01
1.131636e+01	5.409655e-01
8.031285e+00	9.410310e-01
8.031285e+00	9.410310e-01
1.191326e+01	4.368547e-01
1.191326e+01	4.368547e-01
1.191326e+01	4.368547e-01
9.829671e+00	7.468316e-01
9.829671e+00	7.468316e-01
2.277477e+01	9.185226e-01
2.277477e+01	9.185226e-01
7.836942e+00	9.501460e-01
7.836942e+00	9.501460e-01
7.836942e+00	9.501460e-01
8.266559e+00	9.195066e-01
8.266559e+00	9.195066e-01
1.258018e+01	2.865864e-01
1.258018e+01	2.865864e-01
9.438879e+00	6.954795e-01
9.438879e+00	6.954795e-01
9.438879e+00	6.954795e-01
9.869628e+00	7.417002e-01
9.869628e+00	7.417002e-01
8.610572e+00	8.854402e-01
8.610572e+00	8.854402e-01
9.503752e+00	7.860078e-01
9.503752e+00	7.860078e-01
9.503752e+00	7.860078e-01
8.840574e+00	7.846289e-01
8.840574e+00	7.846289e-01
2.144261e+01	4.871897e-01
2.144261e+01	4.871897e-01
2.145195e+01	5.345762e-01
2.145195e+01	5.345762e-01
2.145195e+01	5.345762e-01
8.225693e+00	9.222505e-01
8.225693e+00	9.222505e-01
7.910012e+00	9.283127e-01
7.910012e+00	9.283127e-01
8.934270e+00	8.501820e-01
8.934270e+00	8.501820e-01
8.934270e+00	8.501820e-01
2.309821e+01	1.162681e+00
2.309821e+01	1.162681e+00
2.195178e+01	8.514169e-01
2.195178e+01	8.514169e-01
8.454020e+00	8.999852e-01
8.454020e+00	8.999852e-01
2.282792e+01	2.120000e-01
2.282792e+01	2.120000e-01
2.282792e+01	2.120000e-01
2.317118e+01	1.137415e+00
2.317118e+01	1.137415e+00
1.204834e+01	1.120301e-01
1.204834e+01	1.120301e-01
8.451292e+00	8.997284e-01
8.451292e+00	8.997284e-01
8.451292e+00	8.997284e-01
2.244969e+01	3.864762e-01
2.244969e+01	3.864762e-01
1.001678e+01	7.211655e-01
1.001678e+01	7.211655e-01
2.145856e+01	4.837801e-01
2.145856e+01	4.837801e-01
1.168768e+01	4.738422e-01
1.168768e+01	4.738422e-01
1.168768e+01	4.738422e-01
9.042100e+00	8.366714e-01
9.042100e+00	8.366714e-01
2.234442e+01	5.895028e-01
2.234442e+01	5.895028e-01
8.090281e+00	9.007495e-01
8.090281e+00	9.007495e-01
1.253535e+01	2.912902e-01
1.253535e+01	2.912902e-01
1.253535e+01	2.912902e-01
1.200637e+01	4.131357e-01
1.200637e+01	4.131357e-01
8.575568e+00	8.262122e-01
8.575568e+00	8.262122e-01
1.060790e+01	5.081842e-01
1.060790e+01	5.081842e-01
9.815444e+00	7.454977e-01
9.815444e+00	7.454977e-01
1.098458e+01	5.866234e-01
1.098458e+01	5.866234e-01
1.098458e+01	5.866234e-01
2.235612e+01	6.265654e-01
2.235612e+01	6.265654e-01
2.313017e+01	1.141570e+00
2.313017e+01	1.141570e+00
8.207082e+00	9.193122e-01
8.207082e+00	9.193122e-01
1.144840e+01	5.126015e-01
1.144840e+01	5.126015e-01
1.144840e+01	5.126015e-01
2.284926e+01	9.715140e-01
2.284926e+01	9.715140e-01
7.998423e+00	9.257465e-01
7.998423e+00	9.257465e-01
1.045030e+01	6.617023e-01
1.045030e+01	6.617023e-01
1.002649e+01	6.089413e-01
1.002649e+01	6.089413e-01
1.110905e+01	4.126511e-01
1.110905e+01	4.126511e-01
1.110905e+01	4.126511e-01
2.277982e+01	1.093699e+00
2.277982e+01	1.093699e+00
2.242866e+01	7.196345e-01
2.242866e+01	7.196345e-01
2.173284e+01	2.766167e-01
2.173284e+01	2.766167e-01
2.302025e+01	1.137644e+00
2.302025e+01	1.137644e+00
2.238268e+01	4.212031e-01
2.238268e+01	4.212031e-01
1.099393e+01	4.374702e-01
1.099393e+01	4.374702e-01
1.099393e+01	4.374702e-01
2.267655e+01	8.848835e-01
2.267655e+01	8.848835e-01
2.281104e+01	1.098720e+00
2.281104e+01	1.098720e+00
2.291631e+01	1.119298e+00
2.291631e+01	1.119298e+00
2.300275e+01	1.056967e+00
2.300275e+01	1.056967e+00
9.159729e+00	8.202615e-01
9.159729e+00	8.202615e-01
1.148187e+01	5.039491e-01
1.148187e+01	5.039491e-01
2.237270e+01	6.727866e-01
2.237270e+01	6.727866e-01
2.237270e+01	6.727866e-01
2.231321e+01	5.657144e-01
2.231321e+01	5.657144e-01
1.194016e+01	4.200231e-01
1.194016e+01	4.200231e-01
1.033807e+01	5.597275e-01
1.033807e+01	5.597275e-01
1.170541e+01	4.642988e-01
1.170541e+01	4.642988e-01
8.220906e+00	8.861787e-01
8.220906e+00	8.861787e-01
1.133605e+01	5.274732e-01
1.133605e+01	5.274732e-01
1.072363e+01	4.919090e-01
1.072363e+01	4.919090e-01
1.223921e+01	3.560952e-01
1.223921e+01	3.560952e-01
1.223921e+01	3.560952e-01
1.292722e+01	1.286376e-01
1.292722e+01	1.286376e-01
8.284131e+00	9.071279e-01
8.284131e+00	9.071279e-01
1.204308e+01	1.392231e-01
1.204308e+01	1.392231e-01
1.114953e+01	5.563166e-01
1.114953e+01	5.563166e-01
2.295948e+01	1.039755e+00
2.295948e+01	1.039755e+00
2.298048e+01	1.051513e+00
2.298048e+01	1.051513e+00
1.154236e+01	3.153003e-01
1.154236e+01	3.153003e-01
8.167069e+00	9.127088e-01
8.167069e+00	9.127088e-01
9.767990e+00	7.466874e-01
9.767990e+00	7.466874e-01
2.196715e+01	8.388073e-01
2.196715e+01	8.388073e-01
9.371393e+00	7.142080e-01
9.371393e+00	7.142080e-01
9.305252e+00	8.014221e-01
9.305252e+00	8.014221e-01
2.221442e+01	9.283621e-01
2.221442e+01	9.283621e-01
2.268858e+01	1.063828e+00
2.268858e+01	1.063828e+00
2.173032e+01	7.250701e-01
2.173032e+01	7.250701e-01
2.173032e+01	7.250701e-01
2.199601e+01	2.006399e-01
2.199601e+01	2.006399e-01
2.243061e+01	7.414540e-01
2.243061e+01	7.414540e-01
2.229814e+01	5.094565e-01
2.229814e+01	5.094565e-01
1.165940e+01	2.852874e-01
1.165940e+01	2.852874e-01
1.096074e+01	5.835287e-01
1.096074e+01	5.835287e-01
2.274303e+01	1.075976e+00
2.274303e+01	1.075976e+00
2.287992e+01	1.004755e+00
2.287992e+01	1.004755e+00
2.229043e+01	5.274559e-01
2.229043e+01	5.274559e-01
1.033501e+01	6.718139e-01
1.033501e+01	6.718139e-01
9.366109e+00	7.929849e-01
9.366109e+00	7.929849e-01
1.037165e+01	5.583428e-01
1.037165e+01	5.583428e-01
2.301168e+01	1.091850e+00
2.301168e+01	1.091850e+00
1.091991e+01	5.882019e-01
1.091991e+01	5.882019e-01
8.764208e+00	8.586828e-01
8.764208e+00	8.586828e-01
2.222698e+01	1.463378e-01
2.222698e+01	1.463378e-01
1.187167e+01	2.207338e-01
2.286865e+01	1.732431e-01
2.286865e+01	1.732431e-01
2.238780e+01	9.785031e-01
2.238780e+01	9.785031e-01
2.157878e+01	3.959956e-01
2.157878e+01	3.959956e-01
2.243526e+01	9.907322e-01
2.243526e+01	9.907322e-01
1.030004e+01	6.746923e-01
1.030004e+01	6.746923e-01
8.437785e+00	8.871702e-01
8.437785e+00	8.871702e-01
8.686193e+00	8.203705e-01
8.686193e+00	8.203705e-01
2.275175e+01	1.070545e+00
2.275175e+01	1.070545e+00
1.178094e+01	2.553527e-01
1.178094e+01	2.553527e-01
2.155396e+01	5.525970e-01
2.155396e+01	5.525970e-01
9.657235e+00	6.751992e-01
9.657235e+00	6.751992e-01
2.249283e+01	1.004446e+00
2.249283e+01	1.004446e+00
1.169667e+01	2.827490e-01
1.169667e+01	2.827490e-01
1.232926e+01	3.217719e-01
1.232926e+01	3.217719e-01
9.018131e+00	7.716450e-01
9.018131e+00	7.716450e-01
2.158660e+01	5.918477e-01
2.158660e+01	5.918477e-01
1.192530e+01	4.117229e-01
2.271297e+01	9.296532e-01
2.271297e+01	9.296532e-01
8.421519e+00	8.655431e-01
8.421519e+00	8.655431e-01
2.257795e+01	8.256665e-02
2.257795e+01	8.256665e-02
2.262105e+01	1.037109e+00
2.262105e+01	1.037109e+00
1.277643e+01	1.779479e-01
1.277643e+01	1.779479e-01
2.208891e+01	8.724343e-01
2.208891e+01	8.724343e-01
9.838744e+00	7.326989e-01
9.838744e+00	7.326989e-01
2.289525e+01	1.031076e+00
2.289525e+01	1.031076e+00
9.052763e+00	7.673165e-01
1.256099e+01	2.548732e-01
1.256099e+01	2.548732e-01
2.227274e+01	6.002514e-01
2.227274e+01	6.002514e-01
9.426099e+00	7.117222e-01
9.426099e+00	7.117222e-01
1.016100e+01	6.844838e-01
1.016100e+01	6.844838e-01
1.280298e+01	1.287737e-01
1.280298e+01	1.287737e-01
2.173925e+01	7.032318e-01
2.173925e+01	7.032318e-01
9.090211e+00	7.838476e-01
9.090211e+00	7.838476e-01
1.066757e+01	5.852241e-01
1.066757e+01	5.852241e-01
2.212964e+01	6.623331e-01
2.212964e+01	6.623331e-01
1.005835e+01	6.216222e-01
1.005835e+01	6.216222e-01
1.052347e+01	5.939133e-01
1.052347e+01	5.939133e-01
1.052347e+01	5.939133e-01
2.196787e+01	7.300636e-01
2.196787e+01	7.300636e-01
2.261323e+01	1.021708e+00
2.261323e+01	1.021708e+00
9.605214e+00	7.046250e-01
9.605214e+00	7.046250e-01
1.117912e+01	5.350830e-01
1.117912e+01	5.350830e-01
2.191748e+01	4.685413e-01
2.191748e+01	4.685413e-01
2.265702e+01	1.003989e+00
2.265702e+01	1.003989e+00
2.265702e+01	1.003989e+00
2.184404e+01	3.538907e-01
2.184404e+01	3.538907e-01
2.217898e+01	4.579775e-01
2.217898e+01	4.579775e-01
1.160053e+01	4.007060e-01
1.160053e+01	4.007060e-01
1.013441e+01	6.191650e-01
1.013441e+01	6.191650e-01
2.158265e+01	5.464843e-01
2.158265e+01	5.464843e-01
2.270455e+01	1.024333e+00
2.270455e+01	1.024333e+00
1.246508e+01	1.633432e-01
1.246508e+01	1.633432e-01
2.225084e+01	8.841756e-01
2.225084e+01	8.841756e-01
2.225084e+01	8.841756e-01
2.250322e+01	9.149184e-01
2.250322e+01	9.149184e-01
1.111691e+01	4.683671e-01
1.111691e+01	4.683671e-01
2.251414e+01	8.333990e-01
2.251414e+01	8.333990e-01
2.203277e+01	3.451365e-01
2.203277e+01	3.451365e-01
1.044753e+01	6.173753e-01
1.044753e+01	6.173753e-01
1.044753e+01	6.173753e-01
2.252925e+01	1.003946e+00
2.252925e+01	1.003946e+00
1.152133e+01	3.375981e-01
2.250370e+01	9.948522e-01
2.250370e+01	9.948522e-01
1.051956e+01	5.611999e-01
1.051956e+01	5.611999e-01
1.051956e+01	5.611999e-01
8.875050e+00	8.115550e-01
8.875050e+00	8.115550e-01
1.191935e+01	3.415975e-01
1.191935e+01	3.415975e-01
2.208674e+01	5.948939e-01
2.208674e+01	5.948939e-01
2.178014e+01	7.122670e-01
2.178014e+01	7.122670e-01
2.196843e+01	5.025484e-01
2.196843e+01	5.025484e-01
1.250794e+01	2.507702e-01
1.250794e+01	2.507702e-01
2.234911e+01	9.450247e-01
2.234911e+01	9.450247e-01
2.223550e+01	9.058858e-01
2.223550e+01	9.058858e-01
2.250571e+01	9.697702e-01
2.250571e+01	9.697702e-01
2.221980e+01	8.097109e-01
2.221980e+01	8.097109e-01
2.221980e+01	8.097109e-01
2.274756e+01	1.003060e+00
2.274756e+01	1.003060e+00
1.158458e+01	4.051251e-01
1.158458e+01	4.051251e-01
2.210559e+01	6.789633e-01
2.210559e+01	6.789633e-01
9.719523e+00	7.108183e-01
9.719523e+00	7.108183e-01
9.719523e+00	7.108183e-01
1.223413e+01	3.147148e-01
1.223413e+01	3.147148e-01
2.250056e+01	1.002279e+00
2.250056e+01	1.002279e+00
1.136851e+01	4.089467e-01
1.136851e+01	4.089467e-01
8.742918e+00	8.226826e-01
8.742918e+00	8.226826e-01
1.090123e+01	4.964829e-01
1.090123e+01	4.964829e-01
1.191331e+01	3.640410e-01
1.191331e+01	3.640410e-01
1.086356e+01	4.843462e-01
1.086356e+01	4.843462e-01
2.235945e+01	9.392347e-01
2.235945e+01	9.392347e-01
9.608612e+00	7.433152e-01
9.608612e+00	7.433152e-01
2.217171e+01	4.552651e-01
2.217171e+01	4.552651e-01
2.254612e+01	1.003377e+00
2.254612e+01	1.003377e+00
2.243083e+01	9.168745e-01
2.243083e+01	9.168745e-01
2.243083e+01	9.168745e-01
2.240637e+01	1.647057e-01
2.240637e+01	1.647057e-01
1.138526e+01	5.051870e-01
1.138526e+01	5.051870e-01
1.088388e+01	5.670669e-01
1.088388e+01	5.670669e-01
2.205278e+01	6.081889e-01
2.205278e+01	6.081889e-01
1.123013e+01	5.350901e-01
1.123013e+01	5.350901e-01
2.209665e+01	7.647600e-01
2.209665e+01	7.647600e-01
2.191791e+01	6.101968e-01
2.191791e+01	6.101968e-01
2.191791e+01	6.101968e-01
2.198280e+01	6.974351e-01
2.198280e+01	6.974351e-01
2.189764e+01	5.041581e-01
2.189764e+01	5.041581e-01
1.151221e+01	4.092539e-01
1.151221e+01	4.092539e-01
1.151221e+01	4.092539e-01
2.228846e+01	4.414730e-01
2.226020e+01	5.740451e-01
2.226020e+01	5.740451e-01
9.453947e+00	7.681081e-01
9.453947e+00	7.681081e-01
2.172961e+01	5.614158e-01
2.172961e+01	5.614158e-01
2.172961e+01	5.614158e-01
1.041505e+01	6.265737e-01
1.041505e+01	6.265737e-01
1.252840e+01	1.651590e-01
1.252840e+01	1.651590e-01
2.254591e+01	2.814798e-01
2.254591e+01	2.814798e-01
2.195280e+01	7.635370e-01
2.195280e+01	7.635370e-01
1.086429e+01	5.062711e-01
1.086429e+01	5.062711e-01
2.222303e+01	9.185878e-01
2.222303e+01	9.185878e-01
1.059423e+01	6.062425e-01
1.059423e+01	6.062425e-01
1.081617e+01	5.518500e-01
1.081617e+01	5.518500e-01
1.081617e+01	5.518500e-01
8.815127e+00	8.126640e-01
8.815127e+00	8.126640e-01
2.231795e+01	8.478789e-01
2.231795e+01	8.478789e-01
2.234543e+01	7.170298e-01
2.234543e+01	7.170298e-01
1.257315e+01	1.802088e-01
1.257315e+01	1.802088e-01
1.201350e+01	3.774728e-01
1.201350e+01	3.774728e-01
1.185072e+01	3.622834e-01
1.185072e+01	3.622834e-01
2.265378e+01	1.913974e-01
2.265378e+01	1.913974e-01
2.265963e+01	1.029749e+00
2.265963e+01	1.029749e+00
2.237350e+01	7.911454e-01
2.237350e+01	7.911454e-01
1.195888e+01	3.392849e-01
1.195888e+01	3.392849e-01
1.195888e+01	3.392849e-01
2.213326e+01	7.631893e-01
2.213326e+01	7.631893e-01
2.275332e+01	1.935520e-01
2.275332e+01	1.935520e-01
1.231607e+01	3.054856e-01
1.231607e+01	3.054856e-01
2.236747e+01	8.525920e-01
2.236747e+01	8.525920e-01
1.093074e+01	5.471361e-01
1.093074e+01	5.471361e-01
1.247258e+01	2.333349e-01
1.247258e+01	2.333349e-01
1.247258e+01	2.333349e-01
9.183246e+00	7.925217e-01
9.183246e+00	7.925217e-01
9.392773e+00	7.393379e-01
9.392773e+00	7.393379e-01
1.108273e+01	4.339912e-01
1.108273e+01	4.339912e-01
1.102068e+01	5.454463e-01
1.102068e+01	5.454463e-01
1.148105e+01	4.552031e-01
1.148105e+01	4.552031e-01
2.233959e+01	3.683605e-01
2.233959e+01	3.683605e-01
2.286155e+01	1.076835e+00
2.286155e+01	1.076835e+00
2.222773e+01	4.579465e-01
2.222773e+01	4.579465e-01
2.161176e+01	5.330742e-01
2.161176e+01	5.330742e-01
1.004608e+01	6.402356e-01
1.004608e+01	6.402356e-01
2.215181e+01	6.474140e-01
2.215181e+01	6.474140e-01
9.986195e+00	6.557451e-01
9.986195e+00	6.557451e-01
9.986195e+00	6.557451e-01
2.204852e+01	7.502503e-01
2.204852e+01	7.502503e-01
1.018403e+01	6.365215e-01
1.018403e+01	6.365215e-01
9.975746e+00	7.126982e-01
9.975746e+00	7.126982e-01
2.192320e+01	7.963869e-01
2.192320e+01	7.963869e-01
1.032729e+01	6.043100e-01
1.032729e+01	6.043100e-01
2.229152e+01	8.645877e-01
2.229152e+01	8.645877e-01
1.239655e+01	1.533487e-01
1.239655e+01	1.533487e-01
1.239655e+01	1.533487e-01
1.001622e+01	6.830677e-01
1.001622e+01	6.830677e-01
1.250258e+01	2.452234e-01
1.250258e+01	2.452234e-01
2.199391e+01	6.029888e-01
2.199391e+01	6.029888e-01
9.371097e+00	7.840464e-01
9.371097e+00	7.840464e-01
2.215332e+01	5.692868e-01
2.215332e+01	5.692868e-01
1.052051e+01	6.121808e-01
1.052051e+01	6.121808e-01
1.052051e+01	6.121808e-01
2.221469e+01	2.108519e-01
2.221469e+01	2.108519e-01
1.137847e+01	4.387388e-01
1.137847e+01	4.387388e-01
1.195429e+01	2.770995e-01
1.195429e+01	2.770995e-01
1.195429e+01	2.770995e-01
1.179789e+01	2.734711e-01
2.224603e+01	6.234477e-01
2.224603e+01	6.234477e-01
2.216447e+01	2.550169e-01
2.216447e+01	2.550169e-01
2.216447e+01	2.550169e-01
2.219893e+01	3.413759e-01
2.219893e+01	3.413759e-01
2.175557e+01	5.105876e-01
2.175557e+01	5.105876e-01
2.223019e+01	7.270982e-01
2.223019e+01	7.270982e-01
9.462315e+00	7.352113e-01
9.462315e+00	7.352113e-01
9.462315e+00	7.352113e-01
2.179889e+01	4.493273e-01
2.179889e+01	4.493273e-01
8.963525e+00	7.955888e-01
8.963525e+00	7.955888e-01
1.144555e+01	3.639259e-01
1.144555e+01	3.639259e-01
1.249327e+01	1.627132e-01
1.249327e+01	1.627132e-01
8.821983e+00	8.150479e-01
8.821983e+00	8.150479e-01
2.241857e+01	8.184174e-01
2.241857e+01	8.184174e-01
1.146263e+01	3.690566e-01
1.146263e+01	3.690566e-01
1.046155e+01	6.095736e-01
1.046155e+01	6.095736e-01
1.046155e+01	6.095736e-01
2.189460e+01	4.072039e-01
2.189460e+01	4.072039e-01
2.220689e+01	5.926948e-01
2.220689e+01	5.926948e-01
8.524011e+00	8.529012e-01
8.524011e+00	8.529012e-01
9.186680e+00	7.773432e-01
9.186680e+00	7.773432e-01
2.259530e+01	9.506919e-01
2.259530e+01	9.506919e-01
2.264218e+01	9.558390e-01
2.264218e+01	9.558390e-01
9.637307e+00	7.182787e-01
9.637307e+00	7.182787e-01
9.637307e+00	7.182787e-01
2.218599e+01	5.313820e-01
2.218599e+01	5.313820e-01
1.137506e+01	3.851843e-01
1.137506e+01	3.851843e-01
2.204404e+01	6.008799e-01
2.204404e+01	6.008799e-01
2.242090e+01	9.492155e-01
2.242090e+01	9.492155e-01
2.158829e+01	5.207471e-01
2.158829e+01	5.207471e-01
2.239504e+01	1.971607e-01
2.239504e+01	1.971607e-01
2.253212e+01	8.363788e-01
2.253212e+01	8.363788e-01
9.273678e+00	7.585412e-01
9.273678e+00	7.585412e-01
1.265649e+01	1.938455e-01
1.265649e+01	1.938455e-01
2.196602e+01	7.953011e-01
2.196602e+01	7.953011e-01
2.209957e+01	7.272426e-01
2.209957e+01	7.272426e-01
2.209957e+01	7.272426e-01
2.163189e+01	6.044557e-01
9.283976e+00	7.546062e-01
9.283976e+00	7.546062e-01
9.283976e+00	7.546062e-01
2.268214e+01	9.487391e-01
2.268214e+01	9.487391e-01
1.253817e+01	2.422730e-01
1.253817e+01	2.422730e-01
1.019829e+01	6.076162e-01
1.019829e+01	6.076162e-01
2.206382e+01	8.474739e-01
2.206382e+01	8.474739e-01
8.974033e+00	8.275175e-01
2.161651e+01	4.137127e-01
2.161651e+01	4.137127e-01
2.204054e+01	8.317859e-01
2.204054e+01	8.317859e-01
1.034700e+01	5.901065e-01
1.034700e+01	5.901065e-01
1.034700e+01	5.901065e-01
2.231643e+01	7.842312e-01
2.231643e+01	7.842312e-01
9.143224e+00	7.936193e-01
9.143224e+00	7.936193e-01
1.143367e+01	3.558414e-01
1.143367e+01	3.558414e-01
2.228705e+01	6.381700e-01
2.228705e+01	6.381700e-01
2.262007e+01	1.031245e+00
1.080295e+01	5.931975e-01
1.080295e+01	5.931975e-01
2.189842e+01	3.164667e-01
2.189842e+01	3.164667e-01
2.189842e+01	3.164667e-01
9.088562e+00	7.738171e-01
9.088562e+00	7.738171e-01
2.214048e+01	7.522525e-01
2.214048e+01	7.522525e-01
2.173298e+01	3.768084e-01
2.173298e+01	3.768084e-01
1.106207e+01	4.996216e-01
1.106207e+01	4.996216e-01
2.221402e+01	1.658132e-01
2.221402e+01	1.658132e-01
2.232650e+01	3.376564e-01
2.232650e+01	3.376564e-01
2.190864e+01	5.023974e-01
2.190864e+01	5.023974e-01
2.190864e+01	5.023974e-01
2.264673e+01	2.388704e-01
2.264673e+01	2.388704e-01
2.191535e+01	3.268761e-01
2.191535e+01	3.268761e-01
1.206004e+01	3.764382e-01
1.206004e+01	3.764382e-01
2.189094e+01	4.673295e-01
2.189094e+01	4.673295e-01
1.026863e+01	6.664157e-01
1.026863e+01	6.664157e-01
8.768697e+00	8.321393e-01
8.768697e+00	8.321393e-01
2.220765e+01	6.128737e-01
2.220765e+01	6.128737e-01
1.049934e+01	6.417579e-01
1.049934e+01	6.417579e-01
1.227955e+01	1.200197e-01
1.227955e+01	1.200197e-01
1.158588e+01	4.428869e-01
1.158588e+01	4.428869e-01
2.223662e+01	2.406046e-01
2.223662e+01	2.406046e-01
2.223662e+01	2.406046e-01
1.170243e+01	3.648633e-01
1.170243e+01	3.648633e-01
2.213106e+01	4.800024e-01
2.213106e+01	4.800024e-01
1.198299e+01	3.712682e-01
1.198299e+01	3.712682e-01
1.189195e+01	3.049466e-01
1.189195e+01	3.049466e-01
1.189195e+01	3.049466e-01
1.158265e+01	3.403185e-01
1.158265e+01	3.403185e-01
9.393422e+00	7.339604e-01
9.393422e+00	7.339604e-01
1.163234e+01	4.194208e-01
1.163234e+01	4.194208e-01
2.213067e+01	5.036331e-01
2.213067e+01	5.036331e-01
8.853567e+00	8.256785e-01
8.853567e+00	8.256785e-01
2.230663e+01	8.986622e-01
2.230663e+01	8.986622e-01
2.176976e+01	5.921833e-01
2.176976e+01	5.921833e-01
2.176976e+01	5.921833e-01
2.259953e+01	8.711973e-01
2.274945e+01	9.728261e-01
2.274945e+01	9.728261e-01
2.242377e+01	7.901579e-01
2.242377e+01	7.901579e-01
1.184216e+01	3.114983e-01
1.184216e+01	3.114983e-01
1.184216e+01	3.114983e-01
2.188651e+01	7.441481e-01
2.188651e+01	7.441481e-01
9.309718e+00	7.650899e-01
9.309718e+00	7.650899e-01
2.222795e+01	6.078458e-01
2.222795e+01	6.078458e-01
2.197218e+01	3.003589e-01
2.197218e+01	3.003589e-01
2.217818e+01	2.281460e-01
2.217818e+01	2.281460e-01
1.104087e+01	5.328087e-01
1.104087e+01	5.328087e-01
1.222443e+01	2.107807e-01
1.222443e+01	2.107807e-01
1.222443e+01	2.107807e-01
1.245889e+01	8.374648e-02
1.245889e+01	8.374648e-02
1.067944e+01	5.842870e-01
1.067944e+01	5.842870e-01
2.162555e+01	5.894887e-01
2.162555e+01	5.894887e-01
1.171097e+01	2.853903e-01
1.171097e+01	2.853903e-01
1.100490e+01	5.690369e-01
1.100490e+01	5.690369e-01
1.040674e+01	6.338285e-01
1.040674e+01	6.338285e-01
2.241412e+01	9.272368e-01
2.241412e+01	9.272368e-01
1.100445e+01	5.219796e-01
1.100445e+01	5.219796e-01
1.100445e+01	5.219796e-01
1.123588e+01	4.856359e-01
1.123588e+01	4.856359e-01
2.207327e+01	5.568293e-01
2.207327e+01	5.568293e-01
1.016140e+01	6.825478e-01
1.016140e+01	6.825478e-01
1.021210e+01	6.392223e-01
1.021210e+01	6.392223e-01
1.021210e+01	6.392223e-01
2.227278e+01	2.805175e-01
2.227278e+01	2.805175e-01
2.215791e+01	7.757072e-01
2.215791e+01	7.757072e-01
8.966587e+00	8.244752e-01
8.966587e+00	8.244752e-01
9.213417e+00	8.039382e-01
9.213417e+00	8.039382e-01
2.214966e+01	5.103789e-01
2.214966e+01	5.103789e-01
2.177483e+01	6.303760e-01
2.177483e+01	6.303760e-01
1.014380e+01	6.580589e-01
1.014380e+01	6.580589e-01
1.014380e+01	6.580589e-01
1.208335e+01	1.816151e-01
1.208335e+01	1.816151e-01
2.200401e+01	5.020172e-01
2.200401e+01	5.020172e-01
8.723537e+00	8.242895e-01
8.723537e+00	8.242895e-01
1.146972e+01	4.597627e-01
1.146972e+01	4.597627e-01
2.237109e+01	8.327871e-01
2.237109e+01	8.327871e-01
2.249844e+01	8.524693e-01
2.249844e+01	8.524693e-01
2.207125e+01	2.509454e-01
2.207125e+01	2.509454e-01
2.207125e+01	2.509454e-01
1.052740e+01	6.307741e-01
1.052740e+01	6.307741e-01
1.178933e+01	2.909218e-01
1.178933e+01	2.909218e-01
1.178620e+01	3.951289e-01
1.178620e+01	3.951289e-01
8.822342e+00	8.324168e-01
8.822342e+00	8.324168e-01
9.130120e+00	7.705024e-01
9.130120e+00	7.705024e-01
2.255462e+01	9.695082e-01
2.255462e+01	9.695082e-01
1.103077e+01	5.600965e-01
1.103077e+01	5.600965e-01
9.824494e+00	6.537376e-01
9.824494e+00	6.537376e-01
1.183891e+01	3.876855e-01
1.183891e+01	3.876855e-01
1.039832e+01	6.224889e-01
1.039832e+01	6.224889e-01
1.039832e+01	6.224889e-01
1.218341e+01	3.277175e-01
1.218341e+01	3.277175e-01
9.457176e+00	7.107240e-01
9.457176e+00	7.107240e-01
2.234581e+01	9.572560e-01
8.787353e+00	8.150272e-01
8.787353e+00	8.150272e-01
1.204192e+01	3.224994e-01
1.204192e+01	3.224994e-01
1.204192e+01	3.224994e-01
2.219042e+01	5.427283e-01
2.219042e+01	5.427283e-01
1.033439e+01	6.113853e-01
1.033439e+01	6.113853e-01
2.206064e+01	6.604585e-01
2.206064e+01	6.604585e-01
9.306142e+00	7.407078e-01
9.306142e+00	7.407078e-01
2.200653e+01	6.315038e-01
2.200653e+01	6.315038e-01
2.200653e+01	6.315038e-01
1.160510e+01	3.638262e-01
1.160510e+01	3.638262e-01
2.176687e+01	5.481870e-01
2.176687e+01	5.481870e-01
9.789859e+00	6.587565e-01
9.789859e+00	6.587565e-01
1.217781e+01	2.641056e-01
1.217781e+01	2.641056e-01
1.186671e+01	2.815502e-01
1.186671e+01	2.815502e-01
1.186671e+01	2.815502e-01
9.620856e+00	6.836051e-01
1.046694e+01	6.268387e-01
1.046694e+01	6.268387e-01
1.046694e+01	6.268387e-01
2.274076e+01	9.788813e-01
2.274076e+01	9.788813e-01
2.233465e+01	1.982232e-01
2.233465e+01	1.982232e-01
9.859972e+00	6.794942e-01
9.859972e+00	6.794942e-01
2.250413e+01	8.709185e-01
2.250413e+01	8.709185e-01
1.227406e+01	2.022148e-01
1.227406e+01	2.022148e-01
1.227406e+01	2.022148e-01
2.194728e+01	7.548761e-01
2.194728e+01	7.548761e-01
1.205038e+01	3.251833e-01
1.205038e+01	3.251833e-01
9.510522e+00	7.470431e-01
9.510522e+00	7.470431e-01
2.227331e+01	7.326152e-01
2.227331e+01	7.326152e-01
2.229773e+01	8.819009e-01
2.229773e+01	8.819009e-01
9.350074e+00	7.862751e-01
9.350074e+00	7.862751e-01
1.063958e+01	5.639858e-01
1.063958e+01	5.639858e-01
1.063958e+01	5.639858e-01
1.015937e+01	6.064901e-01
1.015937e+01	6.064901e-01
1.158302e+01	3.974720e-01
1.158302e+01	3.974720e-01
2.180290e+01	5.841211e-01
2.180290e+01	5.841211e-01
2.160250e+01	5.600309e-01
2.160250e+01	5.600309e-01
1.174370e+01	3.557734e-01
1.174370e+01	3.557734e-01
1.174370e+01	3.557734e-01
2.209056e+01	5.305391e-01
2.209056e+01	5.305391e-01
2.167646e+01	4.608125e-01
2.167646e+01	4.608125e-01
2.230545e+01	1.714120e-01
2.230545e+01	1.714120e-01
1.186292e+01	3.313309e-01
1.186292e+01	3.313309e-01
2.172278e+01	6.166515e-01
2.172278e+01	6.166515e-01
2.193862e+01	4.798435e-01
2.193862e+01	4.798435e-01
2.193862e+01	4.798435e-01
2.167225e+01	6.622487e-01
2.167225e+01	6.622487e-01
8.964953e+00	8.321996e-01
2.290599e+01	1.113232e-01
2.290599e+01	1.113232e-01
2.290599e+01	1.113232e-01
1.178825e+01	4.058458e-01
1.178825e+01	4.058458e-01
2.219080e+01	6.464600e-01
2.219080e+01	6.464600e-01
1.068242e+01	6.102093e-01
1.068242e+01	6.102093e-01
1.088884e+01	4.812844e-01
1.088884e+01	4.812844e-01
1.156127e+01	3.612508e-01
1.156127e+01	3.612508e-01
2.216514e+01	7.296739e-01
2.216514e+01	7.296739e-01
1.017142e+01	6.052484e-01
1.017142e+01	6.052484e-01
1.265020e+01	1.257634e-01
1.265020e+01	1.257634e-01
1.265020e+01	1.257634e-01
